0,0.14733351013897678,0.11952448397767748,0.027809026161299294,0.027809026161299294
1,0.15914988285036125,0.14791519707196765,0.011234685778393594,0.011234685778393594
2,0.1662421105251508,0.16287367151970594,0.0033684390054448676,0.0033684390054448676
3,0.14343380091430147,0.16350723567556286,0.02007343476126139,0.02007343476126139
4,0.14682942325744675,0.13048033100814826,0.01634909224929848,0.01634909224929848
5,0.1639093254165107,0.14723527670537487,0.01667404871113584,0.01667404871113584
6,0.15817299987025768,0.16309781348234187,0.004924813612084189,0.004924813612084189
7,0.16669143853650703,0.16286119018605716,0.003830248350449872,0.003830248350449872
8,0.16368656938540327,0.1629446587735878,0.0007419106118154717,0.0007419106118154717
9,0.17210340840577265,0.16271085768968868,0.00939255071608397,0.00939255071608397
10,0.18325933571957354,0.17999164809236687,0.003267687627206667,0.003267687627206667
11,0.18413853040166672,0.16190158285570358,0.022236947545963143,0.022236947545963143
12,0.17807794457715453,0.16311370002060602,0.014964244556548517,0.014964244556548517
13,0.1690945325080706,0.180737164050867,0.011642631542796406,0.011642631542796406
14,0.169153202726114,0.16279280784745695,0.006360394878657055,0.006360394878657055
15,0.155191598806371,0.1631806301785609,0.007989031372189898,0.007989031372189898
16,0.15708278320066538,0.16312809727871938,0.006045314078054004,0.006045314078054004
17,0.16784414137328363,0.16282917066281336,0.005014970710470273,0.005014970710470273
18,0.1690046669057994,0.16279693384246569,0.00620773306333372,0.00620773306333372
19,0.1604628555510612,0.1630342063800973,0.00257135082903609,0.00257135082903609
20,0.163100439597341,0.16296094015658957,0.00013949944075142273,0.00013949944075142273
21,0.1556252814262491,0.16316858343911989,0.0075433020128707895,0.0075433020128707895
22,0.15330423036121776,0.16323305707981517,0.009928826718597406,0.009928826718597406
23,0.1664686825053996,0.14686965426410503,0.019599028241294558,0.019599028241294558
24,0.1700675041403048,0.16276741058595165,0.007300093554353154,0.007300093554353154
25,0.1697900846377518,0.1807005560440417,0.010910471406289896,0.010910471406289896
26,0.17989891550725412,0.16314432552295569,0.016754589984298435,0.016754589984298435
27,0.1897771676499096,0.1796486043065597,0.010128563343349883,0.010128563343349883
28,0.1915941318334109,0.1911946973570736,0.000399434476337307,0.000399434476337307
29,0.1925358126826886,0.19116432055548396,0.0013714921272046376,0.0013714921272046376
30,0.1852365697669982,0.1913997800043772,0.006163210237379008,0.006163210237379008
31,0.18953876622732357,0.191260999473399,0.0017222332460754275,0.0017222332460754275
32,0.1886282807622739,0.19129036997227156,0.0026620892099976645,0.0026620892099976645
33,0.18583052225079943,0.19138062024683525,0.005550097996035813,0.005550097996035813
34,0.19366123148310677,0.1911280167232124,0.0025332147598943755,0.0025332147598943755
35,0.19031244991566743,0.19123604193506527,0.0009235920193978453,0.0009235920193978453
36,0.1937706538247257,0.191124486970257,0.0026461668544686956,0.0026461668544686956
37,0.19160977722488903,0.1911941926670259,0.0004155845578631412,0.0004155845578631412
38,0.18909726091170653,0.19127524158035433,0.0021779806686478,0.0021779806686478
39,0.17680026940600935,0.19167191872569944,0.014871649319690095,0.014871649319690095
40,0.19014445275473357,0.179629273511569,0.010515179243164585,0.010515179243164585
41,0.18282174175182586,0.19147767768228602,0.008655935930460157,0.008655935930460157
42,0.19429038609773408,0.17941106649351626,0.014879319604217817,0.014879319604217817
43,0.19907711270024198,0.19095331087749834,0.008123801822743637,0.008123801822743637
44,0.19983123964923788,0.209428746689664,0.009597507040426112,0.009597507040426112
45,0.20903349640155988,0.20924470155461758,0.0002112051530576975,0.0002112051530576975
46,0.20825981271321603,0.20926017522838447,0.0010003625151684403,0.0010003625151684403
47,0.21164370101275276,0.20919249746239368,0.0024512035503590768,0.0024512035503590768
48,0.21280422654526854,0.20916928695174344,0.003634939593525094,0.003634939593525094
49,0.21469941768616096,0.2091313831289256,0.0055680345572353684,0.0055680345572353684
50,0.21031508292057488,0.20921906982423727,0.0010960130963376113,0.0010960130963376113
51,0.2129956917934197,0.20916545764678043,0.003830234146639272,0.003830234146639272
52,0.21188982973234927,0.20918757488800185,0.0027022548443474126,0.0027022548443474126
53,0.20958051271092648,0.20923376122843027,0.0003467514824962159,0.0003467514824962159
54,0.20521974143128618,0.20932097665402305,0.004101235222736865,0.004101235222736865
55,0.20706799639774398,0.20928401155469392,0.002216015156949941,0.002216015156949941
56,0.20020634744980104,0.20942124453365277,0.00921489708385173,0.00921489708385173
57,0.20220695418571455,0.20938123239893452,0.007174278213219976,0.007174278213219976
58,0.18743264849766073,0.20967671851269554,0.02224407001503481,0.02224407001503481
59,0.18977325630204,0.19125343527744038,0.0014801789754003702,0.0014801789754003702
60,0.18061784032542416,0.19154877127668607,0.010930930951261908,0.010930930951261908
61,0.18713567225576022,0.179787630379936,0.007348041875824218,0.007348041875824218
62,0.18794064672706035,0.19131255171534292,0.003371904988282576,0.003371904988282576
63,0.1911994672934998,0.19120742847126426,7.961177764470584e-06,7.961177764470584e-06
64,0.1859282105488098,0.19137746901141556,0.005449258462605744,0.005449258462605744
65,0.1950679811339473,0.19108263770221756,0.003985343431729738,0.003985343431729738
66,0.20413734745743306,0.19079007749823415,0.01334726995919891,0.01334726995919891
67,0.21365213044440545,0.20915232887376067,0.004499801570644779,0.004499801570644779
68,0.21743077868258176,0.20907675590899719,0.008354022773584574,0.008354022773584574
69,0.20968602370467604,0.2222264012165245,0.012540377511848472,0.012540377511848472
70,0.2191696113074204,0.20904197925650034,0.010127632050920071,0.010127632050920071
71,0.2203496935792839,0.22562843912416328,0.005278745544879365,0.005278745544879365
72,0.21922427477886575,0.22565805540838482,0.006433780629519076,0.006433780629519076
73,0.22356949606575638,0.22554370747978245,0.001974211414026067,0.001974211414026067
74,0.22594139465309193,0.22548128909590517,0.0004601055571867574,0.0004601055571867574
75,0.2215922620183317,0.2285379035843209,0.006945641565989202,0.006945641565989202
76,0.22055289287104385,0.22562309177438014,0.005070198903336293,0.005070198903336293
77,0.2225652336505659,0.22557013543807694,0.003004901787511033,0.003004901787511033
78,0.22780911096016898,0.2254321386667716,0.0023769722933973947,0.0023769722933973947
79,0.23783981027100864,0.22516817289543373,0.012671637375574918,0.012671637375574918
80,0.234467560616352,0.24084898552334155,0.0063814249069895634,0.0063814249069895634
81,0.2271917857878789,0.2410998743105303,0.01390808852265138,0.01390808852265138
82,0.22085378046081394,0.22858405868166576,0.007730278220851816,0.007730278220851816
83,0.22620316876416657,0.22547440030350852,0.000728768460658058,0.000728768460658058
84,0.22505828862312915,0.22550452872827265,0.00044624010514349166,0.00044624010514349166
85,0.2304740744415359,0.22536200804884093,0.005112066392694958,0.005112066392694958
86,0.23560471346037892,0.22917483048513193,0.006429882975246992,0.006429882975246992
87,0.23953170672141266,0.24067435979558083,0.001142653074168165,0.001142653074168165
88,0.2426772889970923,0.24056589144124702,0.0021113975558452736,0.0021113975558452736
89,0.24238422410306115,0.24057599712724814,0.0018082269758130098,0.0018082269758130098
90,0.24077437055918915,0.24063150931841615,0.00014286124077300677,0.00014286124077300677
91,0.23284206168100186,0.24709911546298913,0.014257053781987272,0.014257053781987272
92,0.22840697479184002,0.23971238373620665,0.01130540894436663,0.01130540894436663
93,0.23545226629219473,0.22523100300013932,0.010221263292055416,0.010221263292055416
94,0.2270159659312061,0.24110593706420863,0.014089971133002532,0.014089971133002532
95,0.2357375084904867,0.22522349662650007,0.010514011863986622,0.010514011863986622
96,0.23942619572766333,0.24067799810571014,0.0012518023780468124,0.0012518023780468124
97,0.24213027268772547,0.24058475407260452,0.00154551861512095,0.00154551861512095
98,0.24443958970914825,0.24050512245117622,0.00393446725797203,0.00393446725797203
99,0.24399417304566162,0.25018399511293044,0.006189822067268813,0.006189822067268813
100,0.24210289325263878,0.24992608586012757,0.007823192607488788,0.007823192607488788
101,0.2490231170198962,0.24034706978528833,0.008676047234607881,0.008676047234607881
102,0.25763924398415616,0.24959073115908284,0.008048512825073323,0.008048512825073323
103,0.25794404292179585,0.25919639814805245,0.0012523552262566073,0.0012523552262566073
104,0.2643992932862189,0.2590065378432165,0.005392755443002439,0.005392755443002439
105,0.2593546085217775,0.2651377180104518,0.005783109488674276,0.005783109488674276
106,0.2595070556899617,0.2591504271842829,0.0003566285056788021,0.0003566285056788021
107,0.257631421288417,0.25920559290197537,0.0015741716135583839,0.0015741716135583839
108,0.25445855497637915,0.25929891249938825,0.004840357523009098,0.004840357523009098
109,0.2503360897205962,0.2594201614774995,0.009084071756903345,0.009084071756903345
110,0.2478469460959023,0.2500164832411808,0.0021695371452785106,0.0021695371452785106
111,0.24997653191278268,0.2499238925534904,5.263935929228358e-05,5.263935929228358e-05
112,0.2541810400750979,0.24974108785078106,0.00443995222431684,0.00443995222431684
113,0.25458352731074796,0.25929523684249506,0.004711709531747099,0.004711709531747099
114,0.26054642483724977,0.2591198575034803,0.0014265673337694462,0.0014265673337694462
115,0.26085904647062863,0.2591106627495574,0.0017483837210712228,0.0017483837210712228
116,0.2545366865350418,0.25929661451236874,0.004759927977326939,0.004759927977326939
117,0.260597272359554,0.25911836198811844,0.001478910371435549,0.001478910371435549
118,0.2620195720031442,0.25907652964565986,0.0029430423574843267,0.0029430423574843267
119,0.2709287638614353,0.2648914593862038,0.006037304475231486,0.006037304475231486
120,0.27050671988643726,0.2649004390452462,0.00560628084119108,0.00560628084119108
121,0.26648203832739314,0.264986070567779,0.0014959677596141363,0.0014959677596141363
122,0.26499324577002037,0.26501774700517,2.4501235149632095e-05,2.4501235149632095e-05
123,0.26124588831480056,0.26509747801485556,0.0038515897000550026,0.0038515897000550026
124,0.2643836478947408,0.26503071717272914,0.0006470692779883547,0.0006470692779883547
125,0.2643758251990016,0.265030883613064,0.0006550584140623816,0.0006550584140623816
126,0.2685217585420021,0.2649426722653406,0.003579086276661536,0.003579086276661536
127,0.2680684237840478,0.26495231768572264,0.0031161060983251887,0.0031161060983251887
128,0.26888122095108713,0.2649350241289771,0.003946196822110004,0.003946196822110004
129,0.25954225782078777,0.2651337254721749,0.0055914676513871275,0.0055914676513871275
130,0.2532745613566463,0.2593337358411451,0.0060591744844988304,0.0060591744844988304
131,0.25282904929443095,0.2593468391370926,0.006517789842661659,0.006517789842661659
132,0.2512309297941677,0.25939384265180626,0.008162912857638538,0.008162912857638538
133,0.2142421715803371,0.2459383783941623,0.031696206813825206,0.031696206813825206
134,0.19184817864747483,0.2095884079096993,0.01774022926222446,0.01774022926222446
135,0.20699368078822244,0.19069793771337,0.01629574307485243,0.01629574307485243
136,0.20060883468545132,0.20941319478893977,0.008804360103488451,0.008804360103488451
137,0.22371402513947292,0.20895109097985934,0.014762934159613578,0.014762934159613578
138,0.22343660563691992,0.2255472045963308,0.0021105989594108754,0.0021105989594108754
139,0.2076384807943279,0.22596294472376743,0.01832446392943954,0.01832446392943954
140,0.20724772760228638,0.20928041693060304,0.002032689328316656,0.002032689328316656
141,0.20259770737775606,0.20937341733509368,0.006775709957337617,0.006775709957337617
142,0.19666218928634116,0.209492127696922,0.012829938410580832,0.012829938410580832
143,0.16360843782674062,0.1769276076288455,0.013319169802104874,0.013319169802104874
144,0.18293898678918397,0.16240986940126056,0.0205291173879234,0.0205291173879234
145,0.1646204275389418,0.1809726432597685,0.016352215720826707,0.016352215720826707
146,0.15780571476543348,0.16310801584636478,0.005302301080931299,0.005302301080931299
147,0.1739750360607193,0.1626588680326068,0.0113161680281125,0.0113161680281125
148,0.18534990345648672,0.1798816182114767,0.0054682852450100294,0.0054682852450100294
149,0.19653721695197235,0.1910352429984103,0.005501973953562056,0.005501973953562056
150,0.18977325630204,0.1716946439337856,0.018078612368254393,0.018078612368254393
151,0.19573224248067222,0.19106120991683934,0.004671032563832889,0.004671032563832889
152,0.2024297102168222,0.16916335315082917,0.03326635706599304,0.03326635706599304
153,0.22526530386403,0.20892006540536814,0.016345238458661843,0.016345238458661843
154,0.22250665883125098,0.22848075378351346,0.0059740949522624764,0.0059740949522624764
155,0.2124173847010966,0.2258371840946419,0.01341979939354529,0.01341979939354529
156,0.19100800204534862,0.20960521144174182,0.0185972093963932,0.0185972093963932
157,0.18942934388570465,0.19126452922635442,0.0018351853406497753,0.0018351853406497753
158,0.18137988536888772,0.1915241891785098,0.010144303809622085,0.010144303809622085
159,0.1925631921177755,0.1795019714398299,0.0130612206779456,0.0130612206779456
160,0.19493509070511106,0.1910869244902445,0.003848166214866555,0.003848166214866555
161,0.17714017507574664,0.19166095402667563,0.014520778950928986,0.014520778950928986
162,0.15805575483289958,0.18131815234956025,0.023262397516660677,0.023262397516660677
163,0.1611974257607094,0.1630138016520515,0.0018163758913421202,0.0018163758913421202
164,0.1544100924222882,0.16320233868922993,0.008792246266941722,0.008792246266941722
165,0.17038794846942285,0.15151490795930667,0.01887304051011618,0.01887304051011618
166,0.1737953048561769,0.18048975497991404,0.00669445012373715,0.00669445012373715
167,0.19787356234116116,0.179222478270178,0.018651084070983148,0.018651084070983148
168,0.19553295453678188,0.21963695059872235,0.02410399606194047,0.02410399606194047
169,0.20427405383541042,0.16879448442711154,0.03547956940829888,0.03547956940829888
170,0.21607487655404523,0.20910387395156785,0.0069710026024773775,0.0069710026024773775
171,0.1807859328850865,0.20980965282494704,0.029023719939860554,0.029023719939860554
172,0.1791798952903556,0.18020635548337835,0.0010264601930227435,0.0010264601930227435
173,0.15461329171404792,0.18149933461897347,0.02688604290492555,0.02688604290492555
174,0.15642634454967985,0.16314633168569126,0.006719987136011407,0.006719987136011407
175,0.15605905944485565,0.16315653404971414,0.007097474604858489,0.007097474604858489
176,0.16164293782292471,0.16300142631699,0.0013584884940652797,0.0013584884940652797
177,0.1614358271832952,0.16300717939031303,0.0015713522070178454,0.0015713522070178454
178,0.1416675888543757,0.1635562971216719,0.02188870826729622,0.02188870826729622
179,0.1205630051362675,0.13338998427828946,0.012826979142021966,0.012826979142021966
180,0.12064895939066922,0.1363292509037439,0.01568029151307468,0.01568029151307468
181,0.1053314533423898,0.13888216857845714,0.03355071523606734,0.03355071523606734
182,0.08988105686527403,0.09480326556207654,0.004922208696802502,0.004922208696802502
183,0.07003087102855088,0.12873612425493586,0.05870525322638498,0.05870525322638498
184,0.044428714254096335,0.06327142591843532,0.018842711664338985,0.018842711664338985
185,0.08999047920689307,0.05567779842630253,0.03431268078059054,0.03431268078059054
186,0.09824714376206789,0.12520909016324624,0.026961946401178355,0.026961946401178355
187,0.09703968205511748,0.1222133183408931,0.025173636285775625,0.025173636285775625
188,0.10528852391455323,0.12432891764418558,0.019040393729632343,0.019040393729632343
189,0.10653109235360103,0.09202825964735538,0.014502832706245652,0.014502832706245652
190,0.08224963557685694,0.12037666206600178,0.038127026489144844,0.038127026489144844
191,0.11509246044768706,0.0652388868961154,0.04985357355157166,0.04985357355157166
192,0.12202832960642296,0.08944538677188506,0.0325829428345379,0.0325829428345379
193,0.13168773706584025,0.10367817429729294,0.02800956276854731,0.02800956276854731
194,0.13581020232162344,0.13148408463011999,0.004326117691503456,0.004326117691503456
195,0.14037417289302367,0.12958089083679597,0.010793282056227704,0.010793282056227704
196,0.14022573247143755,0.12959438542057652,0.010631347050861023,0.010631347050861023
197,0.13489198955956305,0.13159886122537753,0.003293128334185519,0.003293128334185519
198,0.14571192255149623,0.11961457217698197,0.026097350374514258,0.026097350374514258
199,0.14797831014508245,0.14951113602986463,0.0015328258847821796,0.0015328258847821796
200,0.1557386151157376,0.14840252103405674,0.007336094081680872,0.007336094081680872
201,0.16931728853917827,0.16278824990820517,0.006529038630973094,0.006529038630973094
202,0.15454288745239597,0.16319864993839356,0.008655762485997587,0.008655762485997587
203,0.1568092750459822,0.16313569472746062,0.006326419681478429,0.006326419681478429
204,0.1582277587404315,0.1630962924026148,0.004868533662183316,0.004868533662183316
205,0.16699232612627735,0.16285283219745242,0.004139493928824928,0.004139493928824928
206,0.15882171122423272,0.1630797937225092,0.004258082498276472,0.004258082498276472
207,0.1573172732753818,0.16312158366553284,0.0058043103901510296,0.0058043103901510296
208,0.17335771088842922,0.16267601595405934,0.010681694934369879,0.010681694934369879
209,0.18236459104473046,0.1800387399173586,0.002325851127371853,0.002325851127371853
210,0.18331409458974735,0.17998876604656822,0.003325328543179129,0.003325328543179129
211,0.19048054247532975,0.16063318044097097,0.029847362034358782,0.029847362034358782
212,0.19549384105808643,0.19106890028530985,0.004424940772776581,0.004424940772776581
213,0.19311421517374017,0.1710264521594456,0.022087763014294576,0.022087763014294576
214,0.18312654068946554,0.19146784545849113,0.008341304769025587,0.008341304769025587
215,0.18384155415976622,0.17996100501656725,0.0038805491431989636,0.0038805491431989636
216,0.184591865159621,0.16181091590411273,0.022780949255508276,0.022780949255508276
217,0.19824084744598514,0.1590811194468399,0.039159727999145244,0.039159727999145244
218,0.20148411801967492,0.21844671790214373,0.016962599882468815,0.016962599882468815
219,0.19863160063802665,0.20945273946988824,0.010821138831861588,0.010821138831861588
220,0.21030344427569458,0.20921930259713487,0.001084141678559719,0.001084141678559719
221,0.21192894321104494,0.20918679261842793,0.0027421505926170098,0.0027421505926170098
222,0.21385924108403476,0.2091481866609681,0.004711054423066657,0.004711054423066657
223,0.21002201802654374,0.20922493112211793,0.0007970869044258144,0.0007970869044258144
224,0.21697353257675767,0.20908590083111367,0.007887631745643997,0.007887631745643997
225,0.21831779606041413,0.21627930012948784,0.002038495930926282,0.002038495930926282
226,0.21745415137107038,0.22549308667429463,0.008038935303224248,0.008038935303224248
227,0.21686019888726915,0.2165222329916787,0.00033796589559045853,0.00033796589559045853
228,0.21377719817750274,0.21703606644330642,0.0032588682658036827,0.0032588682658036827
229,0.22127964038495285,0.2089997786749497,0.012279861710003143,0.012279861710003143
230,0.21702829144693148,0.22571584444343576,0.008687552996504283,0.008687552996504283
231,0.21579345030489439,0.21670002442207448,0.0009065741171800923,0.0009065741171800923
232,0.20868176128948557,0.20925173625685908,0.0005699749673735155,0.0005699749673735155
233,0.19988199177281363,0.20942773164719253,0.0095457398743789,0.0095457398743789
234,0.19759223149073857,0.20947352685283402,0.011881295362095451,0.011881295362095451
235,0.21331222477466816,0.1692782322997199,0.04403399247494827,0.04403399247494827
236,0.21652420456540145,0.2090948873913408,0.007429317174060646,0.007429317174060646
237,0.22410477833151443,0.20920469970799754,0.014900078623516888,0.014900078623516888
238,0.22315136343862796,0.22555471096997004,0.0024033475313420816,0.0024033475313420816
239,0.2286219081272085,0.22541074926763896,0.003211158859569546,0.003211158859569546
240,0.2327091712521654,0.22530318971171906,0.0074059815404463325,0.0074059815404463325
241,0.23256464217844908,0.2333375245174732,0.0007728823390241168,0.0007728823390241168
242,0.22930572621328094,0.2396867051241655,0.010380978910884575,0.010380978910884575
243,0.2412822733898603,0.22507758176072712,0.016204691629133183,0.016204691629133183
244,0.2201152035045677,0.24742544515982076,0.02731024165525306,0.02731024165525306
245,0.2191969907425073,0.22565877340934162,0.006461782666834309,0.006461782666834309
246,0.2270510726633035,0.2254520870430049,0.0015989856202985875,0.0015989856202985875
247,0.22193617443466707,0.22851640905829995,0.006580234623632886,0.006580234623632886
248,0.22587099039143999,0.2254831418396329,0.0003878485518070962,0.0003878485518070962
249,0.23327965564874953,0.22528817696444056,0.007991478684308967,0.007991478684308967
250,0.2460924680795853,0.23437146547710802,0.01172100260247727,0.01172100260247727
251,0.24611202481893324,0.250091914601049,0.003979889782115775,0.003979889782115775
252,0.24851903013836618,0.24998726219585632,0.0014682320574901375,0.0014682320574901375
253,0.25085963794274546,0.24988549663914417,0.0009741413036012947,0.0009741413036012947
254,0.2560762312159903,0.24965868823595963,0.006417542980030694,0.006417542980030694
255,0.2572602248357234,0.2592165104447017,0.0019562856089782588,0.0019562856089782588
256,0.2503946645399109,0.25941843868869613,0.009023774148785246,0.009023774148785246
257,0.2543061078081952,0.24973565012325505,0.004570457684940132,0.004570457684940132
258,0.2543491326347602,0.2593021308035535,0.004952998168793299,0.004952998168793299
259,0.2618085500156453,0.259082736174704,0.0027258138409412824,0.0027258138409412824
260,0.26109353654534484,0.2651007195418652,0.004007182996520364,0.004007182996520364
261,0.26167184363766793,0.26495621938187536,0.003284375744207424,0.003284375744207424
262,0.25908892306283327,0.26514337089255696,0.006054447829723697,0.006054447829723697
263,0.26087860320997636,0.2591100875513413,0.0017685156586350614,0.0017685156586350614
264,0.26202739469888336,0.2590762995663734,0.002951095132509962,0.002951095132509962
265,0.2720736440024727,0.2648671002342668,0.0072065437682058975,0.0072065437682058975
266,0.2695611276892902,0.2649205580281642,0.004640569661125971,0.004640569661125971
267,0.2691390837142922,0.2649295376872068,0.004209546027085398,0.004209546027085398
268,0.274496294713384,0.2648155544744601,0.009680740238923902,0.009680740238923902
269,0.2757272245075517,0.2647893644788395,0.01093786002871222,0.01093786002871222
270,0.2768213525250134,0.26558400973477975,0.01123734279023364,0.01123734279023364
271,0.26818566882140593,0.2747405631577742,0.006554894336368244,0.006554894336368244
272,0.26575910676262504,0.2650014520904337,0.0007576546721913546,0.0007576546721913546
273,0.27674703691549185,0.26476766634250043,0.011979370572991421,0.011979370572991421
274,0.27160084790389916,0.27439904524952485,0.002798197345625697,0.002798197345625697
275,0.2526806088728448,0.2652797180029822,0.012599109130137398,0.012599109130137398
276,0.250871371986354,0.25940441788144786,0.00853304589509385,0.00853304589509385
277,0.24747183829533914,0.25003279227598796,0.002560953980648817,0.002560953980648817
278,0.25164505567469786,0.24985134804210277,0.001793707632595093,0.001793707632595093
279,0.22447607018293647,0.2454934262810058,0.021017356098069317,0.021017356098069317
280,0.23328356699661912,0.22528807403423345,0.007995492962385664,0.007995492962385664
281,0.23975055140465074,0.24066681342719332,0.0009162620225425799,0.0009162620225425799
282,0.2496600943302627,0.24032510505044807,0.009334989279814632,0.009334989279814632
283,0.24309933297209008,0.25022290120308566,0.0071235682309955806,0.0071235682309955806
284,0.2355577772859443,0.24886035363058603,0.013302576344641742,0.013302576344641742
285,0.24498670141724355,0.2404862565302074,0.004500444887036159,0.004500444887036159
286,0.24182547375008578,0.2502782863866511,0.008452812636565332,0.008452812636565332
287,0.22852813117706772,0.24720972906565408,0.018681597888586365,0.018681597888586365
288,0.23002083508230986,0.22537393540039946,0.004646899681910399,0.004646899681910399
289,0.22077164215555323,0.23436207687938218,0.013590434723828954,0.013590434723828954
290,0.213202802433049,0.22581651520695895,0.012613712773909935,0.012613712773909935
291,0.21548483541811358,0.2091156747742865,0.006369160643827088,0.006369160643827088
292,0.20110509887124217,0.20940326950522395,0.008298170633981777,0.008298170633981777
293,0.1981314251043662,0.2094627429805615,0.01133131787619529,0.01133131787619529
294,0.22111555457188858,0.20900306039121103,0.012112494180677558,0.012112494180677558
295,0.23005594181440747,0.22314170091026733,0.00691424090414014,0.00691424090414014
296,0.23683163650794858,0.22911906125569692,0.007712575252251663,0.007712575252251663
297,0.24849565744987756,0.24036525804632342,0.008130399403554145,0.008130399403554145
298,0.2537278007158721,0.24976079390987782,0.0039670068059942665,0.0039670068059942665
299,0.253333136175961,0.2593320130523417,0.005998876876380732,0.005998876876380732
300,0.25103555319814697,0.25939958902227744,0.008364035824130478,0.008364035824130478
301,0.25564636454525336,0.24967737809120907,0.005968986454044284,0.005968986454044284
302,0.25382548901388247,0.2593175320865205,0.005492043072638009,0.005492043072638009
303,0.2548765922047791,0.25928661728678826,0.004410025082009161,0.004410025082009161
304,0.26584897236489624,0.2589639002232554,0.006885072141640858,0.006885072141640858
305,0.2692524174037807,0.2649271263321113,0.0043252910716694015,0.0043252910716694015
306,0.28008408443932264,0.26469666533135505,0.015387419107967593,0.015387419107967593
307,0.27863049401277573,0.2863467656560216,0.007716271643245842,0.007716271643245842
308,0.2766337986247318,0.27181416507257256,0.004819633552159253,0.004819633552159253
309,0.26570434789245123,0.27498869525066966,0.009284347358218425,0.009284347358218425
310,0.26429769364033917,0.26503254598665255,0.0007348523463133749,0.0007348523463133749
311,0.2686506422242403,0.2649399300593355,0.0037107121649047614,0.0037107121649047614
312,0.27523096032176086,0.2647999232913032,0.010431037030457668,0.010431037030457668
313,0.28405028657778053,0.2654449917722266,0.01860529480555395,0.01860529480555395
314,0.2874419975730562,0.28629200406016986,0.0011499935128863603,0.0011499935128863603
315,0.2963551007792167,0.2858463488998618,0.01050875187935485,0.01050875187935485
316,0.2942410649550862,0.2954836947218881,0.0012426297668019504,0.0012426297668019504
317,0.2885907890619632,0.2958872858571112,0.007296496795147989,0.007296496795147989
318,0.290028734097032,0.2861626672339711,0.003866066863060902,0.003866066863060902
319,0.29528052950110273,0.28590007746376755,0.009380452037335174,0.009380452037335174
320,0.2979532202794801,0.2952185407701457,0.0027346795093344256,0.0027346795093344256
321,0.3033691014966151,0.30381520582593674,0.00044610432932162825,0.00044610432932162825
322,0.30357621213624464,0.30380657621595214,0.00023036407970750128,0.00023036407970750128
323,0.2995670805699502,0.3039736233645478,0.004406542794597623,0.004406542794597623
324,0.2919004571507071,0.3042930660070163,0.012392608856309162,0.012392608856309162
325,0.2960776812766639,0.2864784313881937,0.009599249888470218,0.009599249888470218
326,0.288848747223897,0.29586886027411596,0.00702011305021899,0.00702011305021899
327,0.2921388585732929,0.286057161010158,0.006081697563134925,0.006081697563134925
328,0.30012583092292533,0.2950633542956139,0.0050624766273114075,0.0050624766273114075
329,0.30563157774233174,0.3037209359823652,0.0019106417599665249,0.0019106417599665249
330,0.2994224560975052,0.303979649384233,0.004557193286727823,0.004557193286727823
331,0.3080933419319387,0.303618362474465,0.004474979457473716,0.004474979457473716
332,0.30618250539956793,0.3036979806633137,0.0024845247362542122,0.0024845247362542122
333,0.3031385227697685,0.3038248132728887,0.0006862905031201905,0.0006862905031201905
334,0.2903217989910629,0.30435884343033476,0.01403704443927184,0.01403704443927184
335,0.27984186706759573,0.29556735980764026,0.015725492740044533,0.015725492740044533
336,0.2714367620908349,0.2744154538308313,0.0029786917399964308,0.0029786917399964308
337,0.23732007799800048,0.26560653780883,0.0282864598108295,0.0282864598108295
338,0.25178968014714287,0.2365825905956535,0.015207089551489361,0.015207089551489361
339,0.2526532294377579,0.23237079196208468,0.020282437475673237,0.020282437475673237
340,0.2737969266345617,0.24690965358813688,0.026887273046424798,0.026887273046424798
341,0.2662006120782421,0.2649920583603142,0.001208553717927885,0.001208553717927885
342,0.2521530539040975,0.26529094257678537,0.013137888672687892,0.013137888672687892
343,0.2691977539323356,0.24700931345987018,0.022188440472465404,0.022188440472465404
344,0.2357024017583893,0.26564095645222596,0.02993855469383666,0.02993855469383666
345,0.23843767410267946,0.24071208505829575,0.002274410955616285,0.002274410955616285
346,0.25448975036060717,0.24015856518733278,0.014331185173274391,0.014331185173274391
347,0.26815437803844944,0.25889609417403325,0.009258283864416184,0.009258283864416184
348,0.2591123911500508,0.26514287157155236,0.006030480421501561,0.006030480421501561
349,0.2684591769760891,0.2588871294993968,0.009572047476692325,0.009572047476692325
350,0.267880869883766,0.2649563081942392,0.0029245616895268167,0.0029245616895268167
351,0.2382462088545283,0.2655868328969889,0.027340624042460626,0.027340624042460626
352,0.25046497340283436,0.24029735059966975,0.010167622803164605,0.010167622803164605
353,0.24686224042005955,0.2500592965314349,0.0031970561113753293,0.0031970561113753293
354,0.2542005968144456,0.24974023755776592,0.004460359256679702,0.004460359256679702
355,0.2685178471941325,0.25888540390474846,0.009632443289384063,0.009632443289384063
356,0.2692524174037807,0.2649271263321113,0.0043252910716694015,0.0043252910716694015
357,0.26136313335215866,0.2650949834395926,0.00373185008743393,0.00373185008743393
358,0.273675770249334,0.2593470444068026,0.014328725842531365,0.014328725842531365
359,0.2886103458013112,0.2644064540315969,0.02420389176971427,0.02420389176971427
360,0.289669271687947,0.2861806403544253,0.0034886313335216745,0.0034886313335216745
361,0.28955984934632784,0.28618611147150624,0.003373737874821592,0.003373737874821592
362,0.289934957146891,0.2861673560814781,0.0037676010654129066,0.0037676010654129066
363,0.2983517961672606,0.28574651413045965,0.012605282036800947,0.012605282036800947
364,0.30172795716978684,0.30388358683955463,0.002155629669767789,0.002155629669767789
365,0.30087604652405187,0.30391908311646026,0.003043036592408399,0.003043036592408399
366,0.2971912706347448,0.3040726154451814,0.006881344810436563,0.006881344810436563
367,0.30021569652519675,0.29540085273743466,0.004814843787762091,0.004814843787762091
368,0.3006181837608468,0.30392982739826047,0.0033116436374136526,0.0033116436374136526
369,0.30064165184806413,0.30392884956129307,0.00328719771322894,0.00328719771322894
370,0.2948897763090612,0.30416851104208487,0.009278734733023652,0.009278734733023652
371,0.2947764426195727,0.2954454534601391,0.0006690108405664197,0.0006690108405664197
372,0.2849373039556129,0.2961482490789934,0.0112109451233805,0.0112109451233805
373,0.2920763724061086,0.28606028531851724,0.006016087087591382,0.006016087087591382
374,0.28924341176380786,0.2958406699498366,0.006597258186028743,0.006597258186028743
375,0.2830577582061986,0.2865112160285127,0.003453457822314099,0.003453457822314099
376,0.2888994993474727,0.286219128971449,0.0026803703760236997,0.0026803703760236997
377,0.274640919185829,0.281850310127638,0.007209390941809002,0.007209390941809002
378,0.2540717131322072,0.2736748387088085,0.019603125576601266,0.019603125576601266
379,0.26306676384617145,0.25904572988557084,0.004021033960600606,0.004021033960600606
380,0.27923618054018573,0.2596119920199418,0.019624188520243946,0.019624188520243946
381,0.2740704347892451,0.27415208656099027,8.165177174518368e-05,8.165177174518368e-05
382,0.2562012989490876,0.2735495689548743,0.017348270005786703,0.017348270005786703
383,0.2664936769722732,0.25894493832303844,0.007548738649234776,0.007548738649234776
384,0.27381247662731156,0.26483010379544036,0.0089823728318712,0.0089823728318712
385,0.28637133764281186,0.26445214807564793,0.021919189567163933,0.021919189567163933
386,0.2847613887002114,0.2864260345038121,0.0016646458036007061,0.0016646458036007061
387,0.2963003419090431,0.2858490868433705,0.010451255065672571,0.010451255065672571
388,0.2939597341046638,0.29550378978263264,0.0015440556779688364,0.0015440556779688364
389,0.29718735928687545,0.2952732451267603,0.0019141141601151657,0.0019141141601151657
390,0.2925960092803883,0.3036418721457435,0.011045862865355194,0.011045862865355194
391,0.3006142724129772,0.2950284656177531,0.005585806795224135,0.005585806795224135
392,0.2964214982942708,0.3041046892927011,0.007683190998430345,0.007683190998430345
393,0.29975463447023176,0.29508986832794915,0.004664766142282617,0.004664766142282617
394,0.3020092880202092,0.30387186472078703,0.0018625767005778227,0.0018625767005778227
395,0.3067999259705867,0.3036722548061879,0.003127671164398771,0.003127671164398771
396,0.3133918827129871,0.30339758994192123,0.009994292771065894,0.009994292771065894
397,0.3124032656892748,0.31739211494074915,0.004988849251474359,0.004988849251474359
398,0.31626395683398334,0.31684058763436224,0.0005766308003788967,0.0005766308003788967
399,0.3126651351990779,0.3173547050107773,0.004689569811699379,0.004689569811699379
400,0.32413368414625765,0.31571634087546585,0.0084173432707918,0.0084173432707918
401,0.32857268238328907,0.32945663337341896,0.0008839509901298892,0.0008839509901298892
402,0.3271464713918293,0.3295585055870946,0.0024120341952653113,0.0024120341952653113
403,0.3279904639430966,0.3294982204048612,0.0015077564617645978,0.0015077564617645978
404,0.3312727525967534,0.32926377121531436,0.0020089813814390123,0.0020089813814390123
405,0.33435976005311785,0.3290432706827168,0.005316489370401023,0.005316489370401023
406,0.3319878614657823,0.3409944150648976,0.009006553599115286,0.009006553599115286
407,0.33387522991093577,0.329077879978587,0.00479734993234876,0.00479734993234876
408,0.33473486785368123,0.3290164772683909,0.005718390585290334,0.005718390585290334
409,0.3357468575658824,0.3412043173648581,0.005457459798975717,0.005457459798975717
410,0.34505853665982333,0.3408318502011005,0.004226686458722817,0.004226686458722817
411,0.3456720458829725,0.3408073098321745,0.004864736050798013,0.004864736050798013
412,0.3449491143182044,0.3408362270947653,0.00411288722343911,0.00411288722343911
413,0.3403694983553258,0.34101941173328043,0.000649913377954614,0.000649913377954614
414,0.33844702317807496,0.3410963107403704,0.0026492875622954326,0.0026492875622954326
415,0.34108460722435496,0.3409908073785192,9.37998458357403e-05,9.37998458357403e-05
416,0.35020863701928584,0.34062584618672204,0.009582790832563803,0.009582790832563803
417,0.35289706858786984,0.35867807542951974,0.005781006841649894,0.005781006841649894
418,0.3580197895122452,0.3582123735273038,0.00019258401505856115,0.00019258401505856115
419,0.35307679979241224,0.35866173622910674,0.005584936436694499,0.005584936436694499
420,0.3424835341794563,0.3596247603757391,0.017141226196282777,0.017141226196282777
421,0.334406600828824,0.3412579276343405,0.006851326805516478,0.006851326805516478
422,0.34204975616084976,0.3293977033074103,0.012652052853439455,0.012652052853439455
423,0.34387454304009024,0.3408792099458898,0.002995333094200414,0.002995333094200414
424,0.3550031863175327,0.34043406421479205,0.01456912210274064,0.01456912210274064
425,0.35111521113646593,0.3588400624705565,0.007724851334090566,0.007724851334090566
426,0.34977104305153817,0.35896225956918626,0.009191216517648093,0.009191216517648093
427,0.35333075120774793,0.35863864973680354,0.00530789852905561,0.00530789852905561
428,0.36385771470437844,0.35768165305529165,0.006176061649086795,0.006176061649086795
429,0.36394758030664964,0.348484686596097,0.01546289371055265,0.01546289371055265
430,0.3727981019468971,0.34671458226804747,0.026083519678849643,0.026083519678849643
431,0.37321623457402553,0.38049073741945155,0.007274502845426023,0.007274502845426023
432,0.3726769455616694,0.3805806189215109,0.00790367335984149,0.00790367335984149
433,0.37823745125124963,0.37965386797324757,0.0014164167219979373,0.0014164167219979373
434,0.3844308321058696,0.3786216378308109,0.0058091942750587156,0.0058091942750587156
435,0.3855210487754619,0.3878106483859941,0.0022895996105322114,0.0022895996105322114
436,0.3852748246571369,0.38782360755011647,0.002548782892979551,0.002548782892979551
437,0.3917339863694296,0.38748365167052207,0.00425033469890751,0.00425033469890751
438,0.3917770111959946,0.387481387205966,0.004295623990028641,0.004295623990028641
439,0.3844582115409565,0.3878665871878101,0.0034083756468535897,0.0034083756468535897
440,0.38816645551748086,0.38767141645220365,0.000495039065277203,0.000495039065277203
441,0.3987441711376871,0.38711469457745584,0.011629476560231278,0.011629476560231278
442,0.3897568477207336,0.40669058710285505,0.01693373938212145,0.01693373938212145
443,0.39422312999412346,0.3873526441113277,0.006870485882795763,0.006870485882795763
444,0.3906672377870548,0.40665265418342506,0.015985416396370244,0.015985416396370244
445,0.3968685367361424,0.3872134121775372,0.009655124558605233,0.009655124558605233
446,0.40532830518434837,0.40197132992611473,0.003356975258233641,0.003356975258233641
447,0.40167482007799804,0.40897041739941964,0.0072955973214215986,0.0072955973214215986
448,0.41057609384182125,0.40582311851447633,0.0047529753273449216,0.0047529753273449216
449,0.4086301505773531,0.4084736080780372,0.0001565424993159037,0.0001565424993159037
450,0.41102942859977554,0.4058042295662283,0.005225199033547234,0.005225199033547234
451,0.4217829640766546,0.40535616558802495,0.016426798488629657,0.016426798488629657
452,0.4267885353624006,0.41966583733372,0.007122698028680596,0.007122698028680596
453,0.4233381541490815,0.43504792408126775,0.011709769932186254,0.011709769932186254
454,0.42371326194964465,0.4199733646749956,0.0037398972746490733,0.0037398972746490733
455,0.42519423181127824,0.4198252676888322,0.005368964122446029,0.005368964122446029
456,0.4134442566149479,0.43158216247293846,0.018137905857990577,0.018137905857990577
457,0.3931875767959765,0.4202298507611643,0.027042273965187824,0.027042273965187824
458,0.4059300803638888,0.4019044660172769,0.004025614346611861,0.004025614346611861
459,0.40482030695494875,0.4087457397653518,0.003925432810403029,0.003925432810403029
460,0.4088294385212434,0.40845937322490217,0.00037006529634125984,0.00037006529634125984
461,0.38611108991139353,0.41008211241132,0.023971022499926442,0.023971022499926442
462,0.39525467644567236,0.38729835219282505,0.007956324252847313,0.007956324252847313
463,0.4142726991734653,0.4009775083717684,0.013295190801696943,0.013295190801696943
464,0.42876958535896637,0.41946773233406337,0.009301853024902995,0.009301853024902995
465,0.43310307260224823,0.4313920487067748,0.0017110238954734514,0.0017110238954734514
466,0.42604213571041516,0.4382132432938934,0.012171107583478225,0.012171107583478225
467,0.4355687481397248,0.43108383926459015,0.004484908875134641,0.004484908875134641
468,0.4377803768631372,0.43690899427692426,0.0008713825862129432,0.0008713825862129432
469,0.4462597020506911,0.43596684703386274,0.010292855016828362,0.010292855016828362
470,0.4441066481465934,0.445369123120327,0.0012624749737336072,0.0012624749737336072
471,0.4465371215532439,0.4452678533950499,0.0012692681581940035,0.0012692681581940035
472,0.4426804371551336,0.44542854857830455,0.0027481114231709403,0.0027481114231709403
473,0.44887772935762316,0.4451703280698675,0.0037074012877556517,0.0037074012877556517
474,0.4438292286440406,0.44538068226626687,0.001551453622226251,0.001551453622226251
475,0.429965313022308,0.4459583454171723,0.01599303239486427,0.01599303239486427
476,0.38625561898511007,0.4383076329158684,0.05205201393075831,0.05205201393075831
477,0.34808687389814463,0.38978086811637924,0.04169399421823461,0.04169399421823461
478,0.3434681444565706,0.3408954658892306,0.0025726785673400032,0.0025726785673400032
479,0.2896888284272947,0.34340736302318736,0.05371853459589265,0.05371853459589265
480,0.2800997298308008,0.2866591174472826,0.006559387616481838,0.006559387616481838
481,0.33324607529630845,0.27561410169946304,0.05763197359684541,0.05763197359684541
482,0.29930530645887554,0.3315471602251628,0.03224185376628724,0.03224185376628724
483,0.34883327355013005,0.30192086532370704,0.04691240822642301,0.04691240822642301
484,0.3073430309320837,0.3448846629372123,0.03754163200512861,0.03754163200512861
485,0.28719195750559035,0.31537224583870743,0.028180288333117087,0.028180288333117087
486,0.19895595631501428,0.29148928227084586,0.09253332595583158,0.09253332595583158
487,0.2519694113516855,0.20838598325561508,0.04358342809607041,0.04358342809607041
488,0.19693178609315498,0.24660791174611588,0.049676125652960895,0.049676125652960895
489,0.09504680261621468,0.19670074400105536,0.10165394138484068,0.10165394138484068
490,0.18506857260606435,0.11435641155774669,0.07071216104831766,0.07071216104831766
491,0.058116714620427445,0.1914203211317781,0.13330360651135065,0.13330360651135065
492,0.11401788916957312,0.05167323009918919,0.062344659070383925,0.062344659070383925
493,0.06279411428004489,0.12009280600308153,0.05729869172303664,0.05729869172303664
494,0.06720563768326093,0.059475272013574554,0.007730365669686379,0.007730365669686379
495,0.02638366315853735,0.07509541992824315,0.048711756769705794,0.048711756769705794
496,0.0,0.07592571110212239,0.07592571110212239,0.07592571110212239
497,0.08203088629234745,0.05700439724539347,0.02502648904695398,0.02502648904695398
498,0.09306184127177952,0.1258572529745323,0.03279541170275277,0.03279541170275277
499,0.153437120790054,0.11831034303474798,0.035126777755306024,0.035126777755306024
500,0.11881634981568956,0.1574942760762884,0.03867792626059885,0.03867792626059885
501,0.15210068000213695,0.09829789588564358,0.05380278411649336,0.05380278411649336
502,0.1356656732479069,0.1520101943081302,0.0163445210602233,0.0163445210602233
503,0.09108460722435485,0.13707478401727857,0.04599017679292372,0.04599017679292372
504,0.11312304909600157,0.12334960199650453,0.010226552900502964,0.010226552900502964
505,0.09817673950041594,0.09342065178955289,0.004756087710863055,0.004756087710863055
506,0.16657028215127934,0.09549864676903581,0.07107163538224352,0.07107163538224352
507,0.16490175838936416,0.16291090352347778,0.0019908548658863767,0.0019908548658863767
508,0.20029230170420287,0.1619278328758434,0.03836446882835948,0.03836446882835948
509,0.21585994321867674,0.20910817261827527,0.006751770600401469,0.006751770600401469
510,0.20484453823199433,0.2093284807180089,0.0044839424860145805,0.0044839424860145805
511,0.23783589892313906,0.20866865350418604,0.02916724541895302,0.02916724541895302
512,0.21333569286188547,0.24611299271853307,0.032777299856647596,0.032777299856647596
513,0.2196619641453419,0.20903213219974195,0.010629831945599938,0.010629831945599938
514,0.24897236489632069,0.22202333851839873,0.02694902637792196,0.02694902637792196
515,0.22888759358615274,0.2508408029155178,0.021953209329365064,0.021953209329365064
516,0.19504842439459957,0.23366773767639215,0.03861931328179258,0.03861931328179258
517,0.2195681871952011,0.19029230847443512,0.02927587872076598,0.02927587872076598
518,0.21897814605926924,0.2256645324799532,0.0066863864206839485,0.0066863864206839485
519,0.2341940524616688,0.22294464802230257,0.011249404439366228,0.011249404439366228
520,0.25050408688153003,0.23665025339910686,0.013853833482423167,0.013853833482423167
521,0.2446075868700821,0.2501573249466513,0.005549738076569222,0.005549738076569222
522,0.27435176563966746,0.24603476407943362,0.02831700156023384,0.02831700156023384
523,0.2637701386715918,0.2650437705604557,0.0012736318888638687,0.0012736318888638687
524,0.23183779926581138,0.2621499640166309,0.030312164750819492,0.030312164750819492
525,0.23653857161391745,0.2291323823872438,0.0074061892266736595,0.0074061892266736595
526,0.24658090956963719,0.24043128383529724,0.006149625734339942,0.006149625734339942
527,0.23875802303306903,0.2504116538091301,0.011653630776061075,0.011653630776061075
528,0.25156301276816584,0.240259487173279,0.011303525594886843,0.011303525594886843
529,0.2705575674087415,0.22878992436788798,0.04176764304085351,0.04176764304085351
530,0.2707099191781972,0.26489611565605986,0.00581380352213734,0.00581380352213734
531,0.2472374436193514,0.26539553002965227,0.018158086410300867,0.018158086410300867
532,0.2276528478428439,0.25089448751305293,0.023241639670209036,0.023241639670209036
533,0.24035232658419114,0.2251020540450868,0.015250272539104354,0.015250272539104354
534,0.2447287432553098,0.24049515163923957,0.004233591616070231,0.004233591616070231
535,0.2799785734455731,0.24589048695620525,0.03408808648936784,0.03408808648936784
536,0.26787695853589666,0.2747714341863251,0.006894475650428444,0.006894475650428444
537,0.2868949812636896,0.2644414614711402,0.022453519792549392,0.022453519792549392
538,0.27786854436804065,0.28677067672042067,0.008902132352380021,0.008902132352380021
539,0.2805803486251135,0.2715820150725502,0.008998333552563298,0.008998333552563298
540,0.2947725312717031,0.2859254773752375,0.008847053896465618,0.008847053896465618
541,0.3121062894473743,0.29420760725815326,0.017898682189221027,0.017898682189221027
542,0.30960550717780033,0.31779179472810265,0.008186287550302318,0.008186287550302318
543,0.3153027192453579,0.3037973616527639,0.011505357592594023,0.011505357592594023
544,0.3197650901708782,0.3163404257290915,0.0034246644417866845,0.0034246644417866845
545,0.3295691221027406,0.3293854591077438,0.00018366299499678052,0.00018366299499678052
546,0.3460003129078295,0.32821180262166605,0.01778851028616346,0.01778851028616346
547,0.3418895816956551,0.3409586083996672,0.0009309732959879025,0.0009309732959879025
548,0.3737671622312617,0.33968350517824303,0.03408365705301869,0.03408365705301869
549,0.3887955147333795,0.3778941907262259,0.010901324007153601,0.010901324007153601
550,0.3789446420258109,0.3881567750570283,0.009212133031217373,0.009212133031217373
551,0.3722861923696281,0.3875406762007247,0.015254483831096566,0.015254483831096566
552,0.29880904227308447,0.37945152272724786,0.08064248045416339,0.08064248045416339
553,0.31413045966923336,0.3033668159020777,0.010763643767155662,0.010763643767155662
554,0.32400871181188884,0.31573419406609,0.008274517745798848,0.008274517745798848
555,0.3467309717696081,0.3281596127029676,0.01857135906664048,0.01857135906664048
556,0.3423349983591417,0.3409407917331278,0.0013942066260139163,0.0013942066260139163
557,0.3430579299239098,0.3409118744705371,0.0021460554533727083,0.0021460554533727083
558,0.33618063558448896,0.3411869662441138,0.005006330659624858,0.005006330659624858
559,0.34404263559975257,0.34087248624350336,0.003170149356249208,0.003170149356249208
560,0.34929042425722545,0.3406625746972044,0.00862784956002105,0.00862784956002105
561,0.31765506109334574,0.34192798922375955,0.024272928130413818,0.024272928130413818
562,0.3307179135916476,0.3293034025728219,0.0014145110188256704,0.0014145110188256704
563,0.3015247578780269,0.33138862798093766,0.02986387010291075,0.02986387010291075
564,0.318792118538644,0.30317258011585224,0.015619538422791734,0.015619538422791734
565,0.33717707530394025,0.32884203387908667,0.008335041424853584,0.008335041424853584
566,0.34326112921566976,0.3409037464988667,0.0023573827168030803,0.0023573827168030803
567,0.348790248723565,0.34068258171855076,0.008107667005014252,0.008107667005014252
568,0.36821457463614915,0.33990560868204756,0.028308965954101595,0.028308965954101595
569,0.35477270298941455,0.3553754142689787,0.0006027112795641276,0.0006027112795641276
570,0.3643929969701363,0.3576329910311319,0.006760005939004388,0.006760005939004388
571,0.35740246433995515,0.3552110541845699,0.002191410155385265,0.002191410155385265
572,0.3702934083294538,0.3570965899984666,0.013196818330987181,0.013196818330987181
573,0.3586411214311336,0.34954597837120016,0.00909514305993342,0.00909514305993342
574,0.3751700005342329,0.3566532634343958,0.01851673709983709,0.01851673709983709
575,0.3865174884949132,0.3782738617659703,0.00824362672894291,0.00824362672894291
576,0.3822231147303268,0.38798422386205383,0.00576110913172706,0.00576110913172706
577,0.38580237962588426,0.38779584149912977,0.0019934618732455056,0.0019934618732455056
578,0.39639574063756866,0.3872382961827253,0.009157444454843344,0.009157444454843344
579,0.3985292378023184,0.4063250708494557,0.007795833047137268,0.007795833047137268
580,0.40584412610948717,0.40191401648998815,0.003930109619499023,0.003930109619499023
581,0.39007328530325336,0.4097990984547586,0.019725813151505234,0.019725813151505234
582,0.3822464874188156,0.3879829937205544,0.005736506301738775,0.005736506301738775
583,0.3915386097734088,0.3874939346492601,0.004044675124148744,0.004044675124148744
584,0.3833445267841469,0.3879252021750106,0.004580675390863709,0.004580675390863709
585,0.39897465446580527,0.38710256387597597,0.011872090589829298,0.011872090589829298
586,0.39419966190690614,0.40650546984509783,0.012305807938191693,0.012305807938191693
587,0.4039294736279755,0.40212675565460054,0.0018027179733749454,0.0018027179733749454
588,0.4131082622930802,0.405717611495674,0.007390650797406195,0.007390650797406195
589,0.417758187118882,0.4055238646279322,0.0122343224909498,0.0122343224909498
590,0.4260656037976325,0.41973813049019676,0.006327473307435716,0.006327473307435716
591,0.4344237725999587,0.43122696120706094,0.003196811392897736,0.003196811392897736
592,0.43525221515847634,0.4371899011329977,0.0019376859745213748,0.0019376859745213748
593,0.4388432140976424,0.43679090125086817,0.002052312846774207,0.002052312846774207
594,0.42837883216692485,0.44535481942635136,0.016975987259426506,0.016975987259426506
595,0.4466114371627654,0.4297035031367101,0.016907934026055338,0.016907934026055338
596,0.44390736020270305,0.4453774267846559,0.0014700665819528669,0.0014700665819528669
597,0.4436807882224545,0.4453868672838328,0.0017060790613783183,0.0017060790613783183
598,0.4472522304222728,0.44523805719217374,0.002014173230099059,0.002014173230099059
599,0.45029621305207246,0.44511122458259883,0.005184988469473628,0.005184988469473628
600,0.4444622946065375,0.44535430451782937,0.0008920099112918467,0.0008920099112918467
601,0.44862768929015706,0.44518074640601196,0.003446942884145099,0.003446942884145099
602,0.4531799258179485,0.44499106988402054,0.008188855933927985,0.008188855933927985
603,0.4665124705217929,0.4444355471880271,0.02207692333376582,0.02207692333376582
604,0.47133439925512666,0.46295194193651773,0.008382457318608927,0.008382457318608927
605,0.48505369040441426,0.47624296911370767,0.008810721290706591,0.008810721290706591
606,0.48732790069373944,0.4883868265803752,0.0010589258866357532,0.0010589258866357532
607,0.4964949553152356,0.4817305103866666,0.014764444928568987,0.014764444928568987
608,0.493486174816262,0.5043080475823417,0.01082187276607971,0.01082187276607971
609,0.5037785528394476,0.48896402977312536,0.01481452306632225,0.01481452306632225
610,0.5249535408192079,0.4990634865818507,0.025890054237357185,0.025890054237357185
611,0.4758045928763861,0.5389207520642164,0.06311615918783031,0.06311615918783031
612,0.4648243900205298,0.4846096526861853,0.0197852626656555,0.0197852626656555
613,0.4276559960008852,0.4749733317190712,0.04731733571818597,0.04731733571818597
614,0.4538833006433689,0.42879452020163467,0.025088780441734237,0.025088780441734237
615,0.43052797472315274,0.44593490117963697,0.015406926456484227,0.015406926456484227
616,0.43122352685283394,0.4316269919254515,0.00040346507261757036,0.00040346507261757036
617,0.4478579169496828,0.4310281597966862,0.016829757152996616,0.016829757152996616
618,0.4547585839775927,0.44492529246070217,0.009833291516890552,0.009833291516890552
619,0.4486198665944179,0.44518107235166765,0.0034387942427502316,0.0034387942427502316
620,0.43749122331697565,0.44564476582156115,0.008153542504585498,0.008153542504585498
621,0.4228223332239427,0.4385709991257236,0.015748665901780923,0.015748665901780923
622,0.40781353746117266,0.4215633371238428,0.013749799662670148,0.013749799662670148
623,0.4212984339344725,0.4053763543439492,0.01592207959052333,0.01592207959052333
624,0.39056563814117484,0.4232881270558425,0.03272248891466767,0.03272248891466767
625,0.39434428637935115,0.3873462674594736,0.006998018919877558,0.006998018919877558
626,0.4146126048432026,0.400939741075131,0.013672863768071641,0.013672863768071641
627,0.4353772828915736,0.41880696258080263,0.016570320310770992,0.016570320310770992
628,0.42907438429660605,0.4378763267843166,0.008801942487710546,0.008801942487710546
629,0.4398318311213547,0.4305509538918864,0.009280877229468298,0.009280877229468298
630,0.44678725701943844,0.44525743108395854,0.0015298259354799004,0.0015298259354799004
631,0.43413461905379713,0.4457846243325269,0.01165000527872978,0.01165000527872978
632,0.45765021483793666,0.43261950240977176,0.025030712428164903,0.025030712428164903
633,0.43903859069366313,0.4455802921808658,0.006541701487202678,0.006541701487202678
634,0.4618859183844797,0.43699613253554553,0.024889785848934143,0.024889785848934143
635,0.4725887017377832,0.4456207637664605,0.026967937971322742,0.026967937971322742
636,0.4844323584855261,0.4763672354974853,0.008065122988040851,0.008065122988040851
637,0.5067365812148454,0.48079945348670206,0.025937127728143383,0.025937127728143383
638,0.4980266773004449,0.5179301147074311,0.01990343740698619,0.01990343740698619
639,0.48893775423761143,0.5050661176787835,0.016128363441172078,0.016128363441172078
640,0.4868551045951659,0.4988081995843158,0.011953094989149926,0.011953094989149926
641,0.4870387471475779,0.4884446572896076,0.0014059101420297315,0.0014059101420297315
642,0.4648087446290514,0.4960807531157224,0.031272008486671,0.031272008486671
643,0.4711390226591059,0.4456744555841893,0.025464567074916622,0.025464567074916622
644,0.46818490563157766,0.4777114226621588,0.00952651703058116,0.00952651703058116
645,0.4751910836532369,0.46218060505689573,0.01301047859634119,0.01301047859634119
646,0.479841008479039,0.47728550549878274,0.0025555029802562523,0.0025555029802562523
647,0.4546687183753215,0.48553289556302237,0.030864177187700848,0.030864177187700848
648,0.4506478527654183,0.44509657292787597,0.005551279837542333,0.005551279837542333
649,0.4038942714971494,0.44704463881405393,0.043150367316904525,0.043150367316904525
650,0.4191649367697228,0.4054652500591472,0.013699686710575587,0.013699686710575587
651,0.403476138870021,0.42199707698295785,0.01852093811293687,0.01852093811293687
652,0.4192156888932983,0.4054631353873315,0.013752553505966825,0.013752553505966825
653,0.4422388364407879,0.41515850498744544,0.027080331453342432,0.027080331453342432
654,0.4712639949934747,0.44423756700170697,0.027026427991767743,0.027026427991767743
655,0.4974483702081218,0.4737640331529661,0.023684337055155713,0.023684337055155713
656,0.4970537056682107,0.5037134591070169,0.006659753438806204,0.006659753438806204
657,0.5130980546291277,0.4912518221157147,0.021846232513413,0.021846232513413
658,0.5111560227125291,0.5166171801662227,0.005461157453693577,0.005461157453693577
659,0.5217571110212242,0.5155570713353532,0.006200039685871017,0.006200039685871017
660,0.5078267978844377,0.5169501026490319,0.009123304764594109,0.009123304764594109
661,0.5266376145738729,0.5150690209800883,0.011568593593784593,0.011568593593784593
662,0.5429554716894733,0.5164318347465064,0.02652363694296689,0.02652363694296689
663,0.5361642270031823,0.5419994492313406,0.005835222228158243,0.005835222228158243
664,0.5198541925833211,0.5447177883013175,0.024863595717996345,0.024863595717996345
665,0.5253560280548579,0.5151971796319899,0.010158848422868072,0.010158848422868072
666,0.5158489723648962,0.516147885200986,0.0002989128360897375,0.0002989128360897375
667,0.5236835929450732,0.5153644231429684,0.008319169802104787,0.008319169802104787
668,0.5462768738218255,0.5131050950552931,0.033171778766532434,0.033171778766532434
669,0.5440261316197177,0.5406891317952515,0.0033369998244662247,0.0033369998244662247
670,0.5474257607094613,0.5401225269469608,0.007303233762500416,0.007303233762500416
671,0.5408922833876468,0.5412114398339298,0.00031915644628299766,0.00031915644628299766
672,0.5568428553984233,0.538553011165467,0.01828984423295621,0.01828984423295621
673,0.55940621923391,0.5610636767433163,0.0016574575094062682,0.0016574575094062682
674,0.5585113791603384,0.5612128167555782,0.002701437595239775,0.002701437595239775
675,0.5711718398217187,0.5591027399786815,0.012069099843037168,0.012069099843037168
676,0.5683739859115158,0.572929799891627,0.0045558139801111786,0.0045558139801111786
677,0.5723948515214188,0.5725277133306367,0.00013286180921789903,0.00013286180921789903
678,0.5608950117912828,0.5736776973036501,0.012782685512367387,0.012782685512367387
679,0.5590506681726946,0.5611229352535189,0.002072267080824308,0.002072267080824308
680,0.5572375199383341,0.5614251266259123,0.004187606687578116,0.004187606687578116
681,0.5509972029092796,0.5632004447216155,0.012203241812335897,0.012203241812335897
682,0.5694134504575323,0.5411658460558895,0.028247604401642867,0.028247604401642867
683,0.571972807546421,0.5725699177281364,0.0005971101817153768,0.0005971101817153768
684,0.5802997809645192,0.5717372203863265,0.008562560578192713,0.008562560578192713
685,0.5751926100328935,0.5924683300070976,0.017275719974204184,0.017275719974204184
686,0.5695306000961617,0.5900271981775026,0.020496598081340855,0.020496598081340855
687,0.5665374649886665,0.5731134519839118,0.006575986995245309,0.006575986995245309
688,0.5676120362667805,0.5730059948561005,0.005393958589320014,0.005393958589320014
689,0.5727113845026672,0.5724960600325119,0.0002153244701553758,0.0002153244701553758
690,0.585332731685352,0.5712339253142432,0.01409880637110883,0.01409880637110883
691,0.5820816384159231,0.5916072014592189,0.00952556304329577,0.00952556304329577
692,0.5840354043761304,0.591362980714193,0.00732757633806258,0.00732757633806258
693,0.593425215028734,0.5901892543826175,0.0032359606461165313,0.0032359606461165313
694,0.571769608254661,0.607287427101743,0.03551781884708194,0.03551781884708194
695,0.5820113295529996,0.5715660655274786,0.01044526402552104,0.01044526402552104
696,0.5903264735287608,0.5905765970701142,0.00025012354135345305,0.00025012354135345305
697,0.6120719459051049,0.5878584130230712,0.02421353288203376,0.02421353288203376
698,0.6202347381114104,0.6216228161111068,0.0013880779996964243,0.0013880779996964243
699,0.6104386242740156,0.6221670446576286,0.011728420383612992,0.011728420383612992
700,0.6110559494463057,0.6221327488147237,0.011076799368417989,0.011076799368417989
701,0.6144360217967013,0.6219449670174795,0.007508945220778163,0.007508945220778163
702,0.6088482320707629,0.6222553997800316,0.013407167709268752,0.013407167709268752
703,0.598184562196155,0.6133913739197683,0.015206811723613267,0.015206811723613267
704,0.6101650207206037,0.6018023681780368,0.008362652542566962,0.008362652542566962
705,0.6308515672103121,0.6097617066959731,0.02108986051433903,0.02108986051433903
706,0.6313282746567552,0.6210065085252542,0.010321766131501042,0.010321766131501042
707,0.626795499469583,0.621258329368986,0.005537170100597066,0.005537170100597066
708,0.6322231147303268,0.6209567951878338,0.01126631954249302,0.01126631954249302
709,0.6299801952239579,0.6210814018270763,0.008898793396881599,0.008898793396881599
710,0.5913542040311686,0.6280258432429898,0.03667163921182126,0.03667163921182126
711,0.6056596249685184,0.5886599531401445,0.01699967182837392,0.01699967182837392
712,0.5770799784780467,0.6157363276662247,0.03865634918817795,0.03865634918817795
713,0.6003767295789482,0.5727387162383898,0.027638013340558376,0.027638013340558376
714,0.6208717154217769,0.6002728403635835,0.020598875058193356,0.020598875058193356
715,0.6223799693197689,0.6215036365995315,0.0008763327202374604,0.0008763327202374604
716,0.6386236062245763,0.6206012123270421,0.018022393897534128,0.018022393897534128
717,0.644520106236024,0.6215497593742806,0.022970346861743374,0.022970346861743374
718,0.6557581718550853,0.649084577650749,0.0066735942043363305,0.0066735942043363305
719,0.6540544459623441,0.6565396509823886,0.0024852050200445674,0.0024852050200445674
720,0.6535268909935967,0.6565773334801562,0.0030504424865595015,0.0030504424865595015
721,0.6560667867418661,0.6521202367414847,0.003946550000381466,0.003946550000381466
722,0.6632762594540138,0.6517197104796986,0.01155654897431524,0.01155654897431524
723,0.6624009761197902,0.6535497120285684,0.008851264091221833,0.008851264091221833
724,0.6619086232818687,0.6535711186736953,0.008337504608173396,0.008337504608173396
725,0.6551251058925887,0.6564631752730854,0.0013380693804967425,0.0013380693804967425
726,0.6522882339024185,0.656665808986669,0.004377575084250518,0.004377575084250518
727,0.6404835952346426,0.6545026416322706,0.014019046397627966,0.014019046397627966
728,0.6423866090712742,0.654419901900243,0.012033292828968811,0.012033292828968811
729,0.6596031222095871,0.6486039588564363,0.010999163353150765,0.010999163353150765
730,0.6220557090415098,0.6588252750481625,0.03676956600665271,0.03676956600665271
731,0.614947835975242,0.6219165328964494,0.006968696921207385,0.006968696921207385
732,0.6503774927687762,0.610634313084057,0.03974317968471919,0.03974317968471919
733,0.6380570331758617,0.6546081443304783,0.016551111154616605,0.016551111154616605
734,0.6182966175426814,0.6498260881178974,0.031529470575216045,0.031529470575216045
735,0.5982705164505566,0.6250575694634832,0.02678705301292661,0.02678705301292661
736,0.626979142021995,0.5994003508492666,0.027578791172728434,0.027578791172728434
737,0.6189335948530477,0.6216951018476825,0.0027615069946348436,0.0027615069946348436
738,0.6400693739553838,0.6205208918975528,0.019548482057830996,0.019548482057830996
739,0.6492013218447823,0.6541236100405253,0.00492228819574303,0.00492228819574303
740,0.66503856016607,0.6479245291118759,0.017114031054194068,0.017114031054194068
741,0.6666015729342358,0.6533670773844621,0.01323449554977374,0.01323449554977374
742,0.6766047974112601,0.6670205323503448,0.009584265060915365,0.009584265060915365
743,0.67417041265674,0.6721861954223873,0.0019842172343527142,0.0019842172343527142
744,0.6786289676331192,0.6667956245479161,0.011833343085203119,0.011833343085203119
745,0.6557073243327811,0.6758788130871791,0.020171488754398004,0.020171488754398004
746,0.6547852002228514,0.6564874542494953,0.0017022540266439234,0.0017022540266439234
747,0.6655270016561219,0.6515946692462482,0.013932332409873682,0.013932332409873682
748,0.6537770264597913,0.6695569513449525,0.015779924885161223,0.015779924885161223
749,0.645422673606606,0.6571562061506556,0.01173353254404963,0.01173353254404963
750,0.6533862732677498,0.6493810649741659,0.004005208293583862,0.004005208293583862
751,0.6787930534461837,0.6510822684492102,0.027710784996973437,0.027710784996973437
752,0.6774449740133863,0.6669271793945529,0.010517794618833398,0.010517794618833398
753,0.6725449137213899,0.6725112952094573,3.361851193262044e-05,3.361851193262044e-05
