0,0.018248642345406074,0.024882039734538983,0.006633397389132909,0.006633397389132909
1,0.02400441857690294,0.02539866246780807,0.0013942438909051273,0.0013942438909051273
2,0.025314573828473352,0.02552132560456025,0.00020675177608689768,0.00020675177608689768
3,0.015122969987124257,0.02480703424272169,0.009684064255597431,0.009684064255597431
4,0.019249662533045886,0.02473903685059044,0.005489374317544555,0.005489374317544555
5,0.027193882611814546,0.02858462245287663,0.001390739841062083,0.001390739841062083
6,0.021467546388828085,0.025978375212048495,0.00451082882322041,0.00451082882322041
7,0.027620777709786548,0.025591432272115928,0.0020293454376706203,0.0020293454376706203
8,0.026030957351939832,0.03232015350801681,0.006289196156076982,0.006289196156076982
9,0.030304819991269216,0.023027246464751714,0.007277573526517502,0.007277573526517502
10,0.04805789385160841,0.029550580749840294,0.01850731310176812,0.01850731310176812
11,0.04703722702553248,0.046754045034065675,0.0002831819914668049,0.0002831819914668049
12,0.054701752048880836,0.042251640477195616,0.01245011157168522,0.01245011157168522
13,0.04746903378311351,0.0578611043587676,0.01039207057565409,0.01039207057565409
14,0.04476534486319472,0.04434757569723147,0.0004177691659632554,0.0004177691659632554
15,0.021472458048437115,0.04504435108830396,0.023571893039866842,0.023571893039866842
16,0.022061288167788073,0.026385645063829993,0.004324356896041919,0.004324356896041919
17,0.03131566349812709,0.027223309784977463,0.004092353713149626,0.004092353713149626
18,0.026413707411718335,0.03427659845084542,0.007862891039127087,0.007862891039127087
19,0.020172156065228763,0.024474769882757492,0.004302613817528729,0.004302613817528729
20,0.02997609818719027,0.028963145404907964,0.001012952782282306,0.001012952782282306
21,0.0236314918363425,0.03597017120025968,0.01233867936391718,0.01233867936391718
22,0.0233076217935847,0.027001805916266837,0.0036941841226821384,0.0036941841226821384
23,0.03532453611171937,0.027329864560729562,0.007994671550989811,0.007994671550989811
24,0.03855329342350344,0.043340976411917295,0.004787682988413852,0.004787682988413852
25,0.0381214866659223,0.04680802194837562,0.00868653528245332,0.00868653528245332
26,0.05227778813352624,0.05035989629586933,0.001917891837656907,0.001917891837656907
27,0.05954482811826889,0.05731713377861606,0.002227694339652829,0.002227694339652829
28,0.05988343313985389,0.06744631932550829,0.007562886185654399,0.007562886185654399
29,0.06083533673140318,0.06688273633451362,0.0060473996031104454,0.0060473996031104454
30,0.050545649443592855,0.06451481154595287,0.013969162102360017,0.013969162102360017
31,0.05179201301853342,0.0505106089451624,0.0012814040733710244,0.0012814040733710244
32,0.050231602720053115,0.05271939253963059,0.0024877898195774725,0.0024877898195774725
33,0.04423051305039938,0.051590823226324405,0.007360310175925026,0.007360310175925026
34,0.05071737783504582,0.03959072321329739,0.01112665462174843,0.01112665462174843
35,0.045884125084875826,0.05222100455658255,0.006336879471706726,0.006336879471706726
36,0.05077134619245749,0.041980365409676534,0.008790980782780955,0.008790980782780955
37,0.050550561103201885,0.05155437083967883,0.0010038097364769433,0.0010038097364769433
38,0.048793924013511125,0.050938907374451295,0.0021449833609401697,0.0021449833609401697
39,0.04126674576435241,0.049489283237919346,0.008222537473566938,0.008222537473566938
40,0.04493713315293568,0.04197195397867361,0.0029651791742620753,0.0029651791742620753
41,0.05337201005716208,0.040487272229914675,0.012884737827247403,0.012884737827247403
42,0.07030561544053271,0.054924693476501404,0.015380921964031305,0.015380921964031305
43,0.08001632587735419,0.07050399857010807,0.009512327307246118,0.009512327307246118
44,0.08019787758802532,0.07805075500251676,0.0021471225855085596,0.0021471225855085596
45,0.07883375397904324,0.07735258055857652,0.0014811734204667193,0.0014811734204667193
46,0.07244500259000197,0.07499868052628621,0.002553677936284235,0.002553677936284235
47,0.07097785392580569,0.07335698825110483,0.00237913432529914,0.00237913432529914
48,0.07545291491424244,0.0722928951662903,0.0031600197479521447,0.0031600197479521447
49,0.0800310009578934,0.0823484657173347,0.0023174647594413067,0.0023174647594413067
50,0.07780823539164616,0.07839213245914235,0.0005838970674961891,0.0005838970674961891
51,0.08631181563211143,0.08133204311280243,0.004979772519309006,0.004979772519309006
52,0.0863805189683502,0.09135607293681032,0.004975553968460125,0.004975553968460125
53,0.09678305463059289,0.08986999641363279,0.006913058216960102,0.006913058216960102
54,0.09413339396637355,0.10083055308299227,0.006697159116618723,0.006697159116618723
55,0.0950067709024659,0.09516521043090007,0.00015843952843416775,0.00015843952843416775
56,0.08903023953085742,0.09866730930113622,0.009637069770278797,0.009637069770278797
57,0.08796051600697885,0.08777476285925538,0.00018575314772346918,0.00018575314772346918
58,0.07291119096484644,0.08819043986359072,0.015279248898744283,0.015279248898744283
59,0.06979528202749474,0.0723153313535637,0.00252004932606896,0.00252004932606896
60,0.062690147114987,0.07338223110101201,0.010692083986025017,0.010692083986025017
61,0.06771477489504618,0.06126645893712231,0.006448315957923868,0.006448315957923868
62,0.06841648333797345,0.06835618287583933,6.030046213412188e-05,6.030046213412188e-05
63,0.0742114629989108,0.06116831987082232,0.01304314312808847,0.01304314312808847
64,0.06215531530219165,0.07571858093494312,0.013563265632751467,0.013563265632751467
65,0.07264620093910934,0.05935978519310213,0.01328641574600721,0.01328641574600721
66,0.08044813263493522,0.07200409129265775,0.00844404134227747,0.00844404134227747
67,0.08725886746233957,0.08081613060209006,0.006442736860249515,0.006442736860249515
68,0.08666509573423564,0.08907157790641725,0.0024064821721816038,0.0024064821721816038
69,0.08718525246649167,0.09011603290969385,0.0029307804432021772,0.0029307804432021772
70,0.10169974569582885,0.08692377076904678,0.014775974926782065,0.014775974926782065
71,0.10431999630068178,0.10505114903056847,0.0007311527298866916,0.0007311527298866916
72,0.10188620906610901,0.09914257654504895,0.002743632521060066,0.002743632521060066
73,0.10921710062576939,0.1043515626984131,0.004865537927356292,0.004865537927356292
74,0.10778427368054855,0.1075950036476346,0.0001892700329139546,0.0001892700329139546
75,0.10340732608771697,0.1027484192499543,0.0006589068377626656,0.0006589068377626656
76,0.10240145413875601,0.10184415191109426,0.0005573022276617462,0.0005573022276617462
77,0.11250467805628617,0.1034459005851344,0.00905877747115176,0.00905877747115176
78,0.13339809935544655,0.11105856224804637,0.02233953710740018,0.02233953710740018
79,0.1410626243787948,0.13181531276798067,0.00924731161081413,0.00924731161081413
80,0.14333450654113267,0.145030209958217,0.0016957034170843321,0.0016957034170843321
81,0.12869734161814506,0.14232931058713533,0.013631968968990271,0.013631968968990271
82,0.11949205293475251,0.12556255616320183,0.00607050322844932,0.00607050322844932
83,0.11827515931746624,0.11438330228776546,0.003891857029700782,0.003891857029700782
84,0.11962454794762112,0.1272659351180376,0.007641387170416486,0.007641387170416486
85,0.12263737193147062,0.11376012905719339,0.008877242874277227,0.008877242874277227
86,0.12144006505433258,0.12403301915369262,0.0025929540993600425,0.0025929540993600425
87,0.12196022178658861,0.12397272724845679,0.0020125054618681804,0.0020125054618681804
88,0.13052268204407458,0.1223653823629457,0.008157299681128882,0.008157299681128882
89,0.1321861173977692,0.12787439048357907,0.004311726914190128,0.004311726914190128
90,0.13389860944926635,0.13433182809506264,0.00043321864579629055,0.00043321864579629055
91,0.12826062320095488,0.13364417007910065,0.005383546878145767,0.005383546878145767
92,0.1269848495666479,0.12449215664435963,0.002492692922288278,0.002492692922288278
93,0.13046380202705388,0.13495219466300093,0.004488392635947053,0.004488392635947053
94,0.11686197901068152,0.13006355311030587,0.013201574099624358,0.013201574099624358
95,0.11299045317127887,0.11925653286666975,0.006266079695390878,0.006266079695390878
96,0.11027694093214191,0.11724471195666349,0.006967771024521577,0.006967771024521577
97,0.11361854661835824,0.11132351804619041,0.0022950285721678315,0.0022950285721678315
98,0.11060081097489971,0.11095760796221439,0.0003567969873146809,0.0003567969873146809
99,0.11340261329042378,0.10948134620135666,0.003921267089067121,0.003921267089067121
100,0.11244579803926547,0.11304232508861353,0.0005965270493480668,0.0005965270493480668
101,0.11993859467116075,0.11298134863151578,0.006957246039644968,0.006957246039644968
102,0.13032639535457624,0.11266169713960687,0.017664698214969368,0.017664698214969368
103,0.1250908058044795,0.1288880064254776,0.003797200620998087,0.003797200620998087
104,0.13399678274315951,0.1308381406558294,0.0031586420873301047,0.0031586420873301047
105,0.12900156502246662,0.1335383212474561,0.004536756224989474,0.004536756224989474
106,0.11873146447480465,0.12364047144539085,0.004909006970586202,0.004909006970586202
107,0.10833384047217098,0.12480549314534262,0.016471652673171633,0.016471652673171633
108,0.10317180601963416,0.1067257853641032,0.0035539793444690354,0.0035539793444690354
109,0.09579185776217125,0.10494389686760706,0.009152039105435814,0.009152039105435814
110,0.09254842536984798,0.09791306150280903,0.005364636132961051,0.005364636132961051
111,0.09245522363385184,0.0934527098225046,0.0009974861886527658,0.0009974861886527658
112,0.09869674503119741,0.09256106390859808,0.0061356811225993235,0.0061356811225993235
113,0.09156214016103537,0.10323209792487001,0.011669957763834643,0.011669957763834643
114,0.09770063650316674,0.08468904265901299,0.013011593844153749,0.013011593844153749
115,0.09632674947325448,0.10294189927681888,0.006615149803564396,0.006615149803564396
116,0.08824024101154315,0.10084246428538912,0.01260222327384597,0.01260222327384597
117,0.09077705330133001,0.08563817381552163,0.005138879485808379,0.005138879485808379
118,0.09562012937071818,0.08443318284373383,0.011186946526984348,0.011186946526984348
119,0.10336318104952347,0.09450418148236557,0.008858999567157896,0.008858999567157896
120,0.09316669549770928,0.1031634031455295,0.009996707647820222,0.009996707647820222
121,0.09673890959239928,0.09244190054323982,0.004297009049159459,0.004297009049159459
122,0.10227387078549655,0.09966762782311755,0.0026062429623789907,0.0026062429623789907
123,0.10023259703163256,0.10519905501722779,0.004966457985595224,0.004966457985595224
124,0.1071758268719053,0.1037648418544866,0.0034109850174186968,0.0034109850174186968
125,0.1066017017822376,0.10378166471649251,0.0028200370657450874,0.0028200370657450874
126,0.10750460857427224,0.10264677185536215,0.0048578367189100885,0.0048578367189100885
127,0.10985986915338797,0.10400107214512609,0.005858797008261876,0.005858797008261876
128,0.11125340282173646,0.1117812607624388,0.000527857940702342,0.000527857940702342
129,0.0941971257447154,0.11189131958803393,0.017694193843318537,0.017694193843318537
130,0.0888780978795527,0.0960407351484591,0.007162637268906397,0.007162637268906397
131,0.08476614031245822,0.08649687567107475,0.0017307353586165364,0.0017307353586165364
132,0.07978565757059253,0.0877831828471566,0.007997525276564069,0.007997525276564069
133,0.05152211133318729,0.08129980927700577,0.029777697943818474,0.029777697943818474
134,0.050589794481786354,0.05138332700008769,0.0007935325183013389,0.0007935325183013389
135,0.06568332446040026,0.048526135882038565,0.017157188578361696,0.017157188578361696
136,0.056934400832634124,0.0723854294642211,0.015451028631586969,0.015451028631586969
137,0.07117905227491306,0.05913548321865606,0.012043569056256996,0.012043569056256996
138,0.06843607007812169,0.07286419647952776,0.004428126401406066,0.004428126401406066
139,0.05483424706174933,0.0639364935761311,0.009102246514381768,0.009102246514381768
140,0.059000172986255484,0.05621379875831874,0.00278637422793674,0.00278637422793674
141,0.061306436765856676,0.06765521032616362,0.006348773560306942,0.006348773560306942
142,0.06254782878290033,0.06145853563267001,0.0010892931502303194,0.0010892931502303194
143,0.03655125304822382,0.06571839062952552,0.029167137581301697,0.029167137581301697
144,0.05856345456906531,0.04044382885737958,0.01811962571168573,0.01811962571168573
145,0.04673791528081994,0.06409423143890679,0.017356316158086846,0.017356316158086846
146,0.0215215446953837,0.044185649232750826,0.022664104537367127,0.022664104537367127
147,0.02943629481649801,0.02533207268544286,0.0041042221310551505,0.0041042221310551505
148,0.04933857914552453,0.03031324853606871,0.01902533060945582,0.01902533060945582
149,0.04601662009774443,0.0485324423160662,0.0025158222183217713,0.0025158222183217713
150,0.040025353747308756,0.03957599251291936,0.00044936123438939907,0.00044936123438939907
151,0.031340161897884466,0.04694963005790555,0.015609468160021081,0.015609468160021081
152,0.03905380351732324,0.03247087043575901,0.006582933081564227,0.006582933081564227
153,0.05749379094347473,0.04404054990872527,0.013453241034749465,0.013453241034749465
154,0.05210114808246413,0.05998296698057248,0.00788181889810835,0.00788181889810835
155,0.04412748799518518,0.05666100793279232,0.012533519937607145,0.012533519937607145
156,0.030623778374417987,0.04423612637566686,0.013612348001248872,0.013612348001248872
157,0.02935782805932896,0.032972073638339046,0.003614245579010085,0.003614245579010085
158,0.03309194722625408,0.03263419595310735,0.0004577512731467337,0.0004577512731467337
159,0.04342086789264887,0.03574233950527573,0.007678528387373144,0.007678528387373144
160,0.04184087085402022,0.04023772740556145,0.0016031434484587645,0.0016031434484587645
161,0.021482281367655176,0.040207590009841816,0.01872530864218664,0.01872530864218664
162,0.02430864198122451,0.02606459451905336,0.001755952537828849,0.001755952537828849
163,0.03012326828059808,0.02483436925425672,0.005288899026341363,0.005288899026341363
164,0.023386148449041633,0.03547177466031336,0.012085626211271724,0.012085626211271724
165,0.03552573446082674,0.027301121939428512,0.00822461252139823,0.00822461252139823
166,0.03345996230720538,0.04406859514281702,0.010608632835611635,0.010608632835611635
167,0.053980456865805326,0.034233826794824805,0.01974663007098052,0.01974663007098052
168,0.05499621203227223,0.05901631985329777,0.004020107821025541,0.004020107821025541
169,0.0580041243565127,0.056356091419710576,0.0016480329368021226,0.0016480329368021226
170,0.06389236565173406,0.060477162083466464,0.0034152035682675982,0.0034152035682675982
171,0.03660522140563549,0.05819475493625211,0.02158953353061662,0.02158953353061662
172,0.04539343831027409,0.04232525975149261,0.003068178558781484,0.003068178558781484
173,0.029617846527169145,0.04226916928330909,0.012651322756139942,0.012651322756139942
174,0.031075231770435252,0.03292229816108146,0.0018470663906462112,0.0018470663906462112
175,0.0370615864612619,0.0318715367237772,0.0051900497374847004,0.0051900497374847004
176,0.04291550603750782,0.04267925007617351,0.00023625596133431542,0.00023625596133431542
177,0.042042069203127586,0.04049569221781592,0.0015463769853116677,0.0015463769853116677
178,0.032326447106697076,0.04116022949464261,0.008833782387945535,0.008833782387945535
179,0.019779612635376087,0.03860444656138305,0.018824833926006965,0.018824833926006965
180,0.02575614400698456,0.028790013682138054,0.0030338696751534937,0.0030338696751534937
181,0.02295925335106963,0.02407661312763737,0.001117359776567739,0.001117359776567739
182,0.01628589524699897,0.030049670398546762,0.01376377515154779,0.01376377515154779
183,0.0016290836855751833,0.02725626240022911,0.025627178714653927,0.025627178714653927
184,0.0,0.023960243589565413,0.023960243589565413,0.023960243589565413
185,0.031031026833953756,0.019527239756143448,0.011503787077810308,0.011503787077810308
186,0.03319988394107731,0.032423208512375,0.0007766754287023142,0.0007766754287023142
187,0.029863189914470012,0.03767915064501557,0.007815960730545558,0.007815960730545558
188,0.029141894731394502,0.03518297078668082,0.006041076055286317,0.006041076055286317
189,0.03416652251145369,0.03248068519807883,0.0016858373133748564,0.0016858373133748564
190,0.019548974277758424,0.041839476079601604,0.02229050180184318,0.02229050180184318
191,0.0463649885402595,0.02584589303452735,0.020519095505732148,0.020519095505732148
192,0.04522662157843005,0.04241636932586084,0.002810252252569208,0.002810252252569208
193,0.049098147417832694,0.03948626915607144,0.009611878261761256,0.009611878261761256
194,0.04830323723890939,0.048484070170125494,0.00018083293121610305,0.00018083293121610305
195,0.046178525169979334,0.04814128938218303,0.001962764212203698,0.001962764212203698
196,0.03973089376391736,0.03961805822483241,0.00011283553908495586,0.00011283553908495586
197,0.03359730908139502,0.051026538569671334,0.017429229488276313,0.017429229488276313
198,0.049525042515804696,0.03487031455911061,0.014654727956694084,0.014654727956694084
199,0.05139943963953686,0.04798287552444374,0.0034165641150931195,0.0034165641150931195
200,0.05578129889197747,0.05089263166858763,0.004888667223389841,0.004888667223389841
201,0.05988343313985389,0.05771809291792079,0.0021653402219331055,0.0021653402219331055
202,0.04627178680426336,0.06896324346696217,0.02269145666269881,0.02269145666269881
203,0.04874971907702963,0.041913069683203755,0.006836649393825875,0.006836649393825875
204,0.04793031049834895,0.04791417218820493,1.613831014402045e-05,1.613831014402045e-05
205,0.056316130704772815,0.04590444771827568,0.010411682986497132,0.010411682986497132
206,0.0460558534763289,0.060855693592396065,0.014799840116067164,0.014799840116067164
207,0.041413975756048105,0.039377617940242304,0.0020363578158058004,0.0020363578158058004
208,0.05536913877283267,0.04048166746154547,0.014887471311287204,0.014887471311287204
209,0.06876976344009766,0.05354094889977796,0.015228814540319706,0.015228814540319706
210,0.06601210616276709,0.06331682011695294,0.002695286045814149,0.002695286045814149
211,0.07683177350205161,0.06954294765430431,0.007288825847747302,0.007288825847747302
212,0.08330390330787096,0.08123530737781928,0.002068595930051681,0.002068595930051681
213,0.06821037332925706,0.08417242848264218,0.015962055153385127,0.015962055153385127
214,0.060104218229109496,0.0698359529649892,0.00973173473587971,0.00973173473587971
215,0.0583132594204433,0.06471529111560526,0.006402031695161958,0.006402031695161958
216,0.058288701122398034,0.061332364167625664,0.003043663045227629,0.003043663045227629
217,0.07122319731310656,0.05948457899752445,0.011738618315582108,0.011738618315582108
218,0.07062948548329051,0.0725508514216465,0.0019213659383559845,0.0019213659383559845
219,0.07137042730480225,0.07369485737943826,0.002324430074636008,0.002324430074636008
220,0.06743510978876988,0.07300719080657801,0.0055720810178081365,0.0055720810178081365
221,0.06984439862358527,0.06815219497789479,0.0016922036456904765,0.0016922036456904765
222,0.06750872478461778,0.07269386286249332,0.005185138077875545,0.005185138077875545
223,0.05925042803316538,0.06966561934795477,0.010415191314789393,0.010415191314789393
224,0.06582564279248693,0.066597432232275,0.0007717894397880759,0.0007717894397880759
225,0.06534969099671228,0.07118324515506706,0.005833554158354778,0.005833554158354778
226,0.06816131663145442,0.06603313046182537,0.002128186169629051,0.002128186169629051
227,0.06861277002747179,0.06832112526361235,0.0002916447638594416,0.0002916447638594416
228,0.07051172544924911,0.06267401736174123,0.007837708087507875,0.007837708087507875
229,0.08085046943486207,0.07220808774750058,0.008642381687361492,0.008642381687361492
230,0.0841920751210784,0.08308590776745253,0.0011061673536258698,0.0011061673536258698
231,0.09117453833993572,0.08054134292782968,0.010633195412106042,0.010633195412106042
232,0.0891283529264626,0.08536057947862749,0.0037677734478351044,0.0037677734478351044
233,0.08198398463537038,0.08352751217355689,0.0015435275381865121,0.0015435275381865121
234,0.08150306128169871,0.08258750267060795,0.0010844413889092436,0.0010844413889092436
235,0.09791165817149217,0.08296463084822067,0.014947027323271495,0.014947027323271495
236,0.1064692067693691,0.10209300362668731,0.004376203142681792,0.004376203142681792
237,0.10652808678638981,0.10278627496791679,0.003741811818473023,0.003741811818473023
238,0.10271550086229575,0.10333093009993022,0.0006154292376344683,0.0006154292376344683
239,0.10218060915121252,0.10380410090376592,0.0016234917525533993,0.0016234917525533993
240,0.10208249575560735,0.10524041050658414,0.0031579147509767924,0.0031579147509767924
241,0.10924159902552677,0.10421768146802422,0.005023917557502547,0.005023917557502547
242,0.12156764840759204,0.1056259501151998,0.01594169829239224,0.01594169829239224
243,0.12528218083436882,0.12311402539290366,0.002168155441465161,0.002168155441465161
244,0.11250467805628617,0.13390844132538277,0.0214037632690966,0.0214037632690966
245,0.10637109337376383,0.11491956310257248,0.008548469728808655,0.008548469728808655
246,0.10225913580666945,0.10339612510787684,0.0011369893012073834,0.0011369893012073834
247,0.09656718120094632,0.10572268585018296,0.009155504649236645,0.009155504649236645
248,0.09434435573641109,0.09852642852795954,0.004182072791548447,0.004182072791548447
249,0.09670949953303298,0.0949219634836762,0.0017875360493567888,0.0017875360493567888
250,0.1070728018166911,0.09898206624723262,0.008090735569458482,0.008090735569458482
251,0.11004633252366824,0.10312554742756706,0.006920785096101181,0.006920785096101181
252,0.11271078806500257,0.11339421897321737,0.0006834309082148077,0.0006834309082148077
253,0.11716620241500308,0.11428517177836373,0.002881030636639359,0.002881030636639359
254,0.11331432321403667,0.11921026571770435,0.005895942503667678,0.005895942503667678
255,0.11169012123892663,0.11315027891723337,0.0014601576783067338,0.0014601576783067338
256,0.10845651216582142,0.10768753794556538,0.0007689742202560412,0.0007689742202560412
257,0.11086580100063681,0.10562664322395997,0.005239157776676842,0.005239157776676842
258,0.11207287129870513,0.10967130934303075,0.0024015619556743834,0.0024015619556743834
259,0.11857447106217878,0.11268202832990495,0.005892442732273823,0.005892442732273823
260,0.12015937976041646,0.12311613038987898,0.002956750629462518,0.002956750629462518
261,0.12311823538685429,0.11369143427785287,0.009426801109001418,0.009426801109001418
262,0.12763744141348454,0.12379678886305315,0.003840652550431395,0.003840652550431395
263,0.12765217639231174,0.1262046572527551,0.0014475191395566522,0.0014475191395566522
264,0.13377102609600688,0.12533053586651294,0.008440490229493947,0.008440490229493947
265,0.14147975605583674,0.13175572252840323,0.009724033527433507,0.009724033527433507
266,0.1372843601736763,0.14259079228458024,0.0053064321109039525,0.0053064321109039525
267,0.14093995268514437,0.13842976090588663,0.0025101917792577366,0.0025101917792577366
268,0.1452236985419798,0.14476032538666742,0.000463373155312391,0.000463373155312391
269,0.15278022695221694,0.13866249142513223,0.014117735527084702,0.014117735527084702
270,0.10415317956883774,0.14714086304328347,0.04298768347444573,0.04298768347444573
271,0.09414315738730372,0.10024872678487827,0.006105569397574548,0.006105569397574548
272,0.09145911510582105,0.09567201840184933,0.004212903296028275,0.004212903296028275
273,0.10264188586644785,0.08343007477291531,0.019211811093532538,0.019211811093532538
274,0.10459972130524597,0.10345851345318971,0.001141207852056264,0.001141207852056264
275,0.09709710135413252,0.09982673478961701,0.002729633435484491,0.002729633435484491
276,0.09325504547238428,0.10211124693380665,0.008856201461422367,0.008856201461422367
277,0.09134626673138879,0.09553672528324529,0.004190458551856499,0.004190458551856499
278,0.0922736719231807,0.08491124819338204,0.007362423729798659,0.007362423729798659
279,0.07645393510188214,0.09260312106361288,0.016149185961730733,0.016149185961730733
280,0.07076683225748026,0.08462314598540795,0.013856313727927685,0.013856313727927685
281,0.0922442019655264,0.06937191237161143,0.022872289593914977,0.022872289593914977
282,0.09949165521012082,0.08931201819100734,0.01017963701911348,0.01017963701911348
283,0.09130703335280421,0.1042576250691654,0.01295059171636119,0.01295059171636119
284,0.07980039254941962,0.08669314524677649,0.006892752697356869,0.006892752697356869
285,0.08509001035521602,0.07650439513100167,0.008585615224214346,0.008585615224214346
286,0.08596835884920528,0.08806216340157105,0.002093804552365769,0.002093804552365769
287,0.08074253272003873,0.09042096653657214,0.00967843381653341,0.00967843381653341
288,0.07716049530613056,0.08409041916958794,0.0069299238634573795,0.0069299238634573795
289,0.07749418866810642,0.08206526661207136,0.004571077943964941,0.004571077943964941
290,0.06881390847829116,0.08330530663918782,0.01449139816089666,0.01449139816089666
291,0.06954502698058485,0.06281211714297898,0.006732909837605869,0.006732909837605869
292,0.06251841872353392,0.06826576213178213,0.005747343408248215,0.005747343408248215
293,0.02944611813571607,0.0667334099027409,0.03728729176702483,0.03728729176702483
294,0.03769950322755933,0.0319759736672066,0.0057235295603527275,0.0057235295603527275
295,0.03238532712371778,0.05320167644012768,0.020816349316409903,0.020816349316409903
296,0.03342558068994206,0.036655022553587914,0.0032294418636458558,0.0032294418636458558
297,0.044073519637773506,0.035649103541686496,0.00842441609608701,0.00842441609608701
298,0.05110995121404249,0.0413095302557205,0.009800420958321995,0.009800420958321995
299,0.050295394396682847,0.05388372113082217,0.0035883267341393216,0.0035883267341393216
300,0.049466162498784105,0.05084287330512659,0.001376710806342482,0.001376710806342482
301,0.055226820440746005,0.047216699409923124,0.008010121030822881,0.008010121030822881
302,0.05354865010822418,0.05571539366147417,0.0021667435532499862,0.0021667435532499862
303,0.05705707252628456,0.05894201174868975,0.0018849392224051936,0.0018849392224051936
304,0.06250368374470683,0.06037482158011409,0.0021288621645927375,0.0021288621645927375
305,0.06188050195723649,0.06209992649966656,0.00021942454243006893,0.00021942454243006893
306,0.06634088786513392,0.060260544203670045,0.006080343661463879,0.006080343661463879
307,0.07147345236001645,0.07030842210316647,0.0011650302568499832,0.0011650302568499832
308,0.06835269166134372,0.07287610768192461,0.0045234160205808865,0.0045234160205808865
309,0.05403933688282603,0.07070236458588684,0.016663027703060815,0.016663027703060815
310,0.050825374448157046,0.05961215379388566,0.008786779345728614,0.008786779345728614
311,0.0489656524049642,0.051780786367998495,0.0028151339630342956,0.0028151339630342956
312,0.05137002958017045,0.04804595697851677,0.0033240726016536826,0.0033240726016536826
313,0.059731291488549165,0.050328347011934525,0.00940294447661464,0.00940294447661464
314,0.06625744955006796,0.06610814878899009,0.00014930076107787238,0.00014930076107787238
315,0.07132622236832076,0.070329454959123,0.0009967674091977546,0.0009967674091977546
316,0.07623800177394768,0.07174963480869546,0.004488366965252219,0.004488366965252219
317,0.06875994012087949,0.0849098448620652,0.016149904741185703,0.016149904741185703
318,0.07292095438577662,0.062329841799380156,0.010591112586396459,0.010591112586396459
319,0.08060021438795206,0.07077176958778408,0.00982844480016798,0.00982844480016798
320,0.08243046647349073,0.08150590217192562,0.0009245643015651089,0.0009245643015651089
321,0.08276907149507562,0.08161874198945966,0.0011503295056159574,0.0011503295056159574
322,0.08543837879773108,0.0803296452645406,0.005108733533190482,0.005108733533190482
323,0.08702819915557791,0.08846592920350951,0.0014377300479316013,0.0014377300479316013
324,0.08348054335893307,0.08952651396003189,0.006045970601098821,0.006045970601098821
325,0.0834707200397149,0.08199237895257679,0.0014783410871381103,0.0014783410871381103
326,0.07550688327165411,0.0831300699194426,0.0076231866477884935,0.0076231866477884935
327,0.07941764248964123,0.08243608835565644,0.0030184458660152125,0.0030184458660152125
328,0.0834118400226943,0.07462786733959939,0.008783972683094915,0.008783972683094915
329,0.07929011903466965,0.08258960766758325,0.0032994886329135997,0.0032994886329135997
330,0.07649808014007575,0.07561554732283061,0.000882532817245138,0.000882532817245138
331,0.13454143787517292,0.07551248804002328,0.05902894983514964,0.05902894983514964
332,0.1291438833545533,0.1332649369045126,0.004121053549959314,0.004121053549959314
333,0.12214177349725974,0.12315328444218299,0.001011510944923244,0.001011510944923244
334,0.11799058255158079,0.12452580236837145,0.006535219816790658,0.006535219816790658
335,0.11422699342700149,0.1318230139764269,0.017596020549425412,0.017596020549425412
336,0.10685686848875664,0.1122277853850505,0.005370916896293862,0.005370916896293862
337,0.0864099290277166,0.10566029750487009,0.019250368477153487,0.019250368477153487
338,0.09506073925987757,0.09011604146659212,0.004944697793285449,0.004944697793285449
339,0.09704313299672096,0.09752261023458429,0.0004794772378633322,0.0004794772378633322
340,0.11216122127338013,0.09941036467652152,0.012750856596858609,0.012750856596858609
341,0.10392257116036396,0.11447723991701313,0.010554668756649163,0.010554668756649163
342,0.09739641309884506,0.10301059405615941,0.005614180957314349,0.005614180957314349
343,0.10846633548503959,0.10167032707956417,0.006796008405475423,0.006796008405475423
344,0.09228349524239876,0.10828125833227968,0.01599776308988092,0.01599776308988092
345,0.09374082058737698,0.09013356599425647,0.0036072545931205152,0.0036072545931205152
346,0.09881450506523881,0.09424271689871719,0.004571788166521623,0.004571788166521623
347,0.10904531233602843,0.100734501899871,0.008310810436157431,0.008310810436157431
348,0.10131208397644131,0.10851960217679277,0.007207518200351454,0.007207518200351454
349,0.10551239151821079,0.1052929840895772,0.00021940742863359175,0.00021940742863359175
350,0.10466842464148474,0.10134436059672934,0.0033240640447553954,0.0033240640447553954
351,0.08590456717257555,0.10142566824412515,0.015521101071549595,0.015521101071549595
352,0.09454064242590943,0.08844980800716204,0.006090834418747387,0.006090834418747387
353,0.09402539735326232,0.09390765443301752,0.00011774292024480104,0.00011774292024480104
354,0.09558580765174274,0.09508249089528908,0.0005033167564536534,0.0005033167564536534
355,0.10629747837791603,0.09408499614973806,0.012212482228177973,0.012212482228177973
356,0.10396671619855757,0.10287600260321383,0.0010907135953437397,0.0010907135953437397
357,0.09429529903860856,0.10345361035047891,0.009158311311870351,0.009158311311870351
358,0.10068405042764983,0.09435417049873093,0.006329879928918897,0.006329879928918897
359,0.1153899186868762,0.10412234906435794,0.011267569622518264,0.011267569622518264
360,0.11222501295000986,0.11360802163348176,0.0013830086834718952,0.0013830086834718952
361,0.11196984624349082,0.11332762919085215,0.00135778294736133,0.00135778294736133
362,0.11275002144358703,0.11351409256113235,0.0007640711175453119,0.0007640711175453119
363,0.11970307460307805,0.11392276146578159,0.005780313137296461,0.005780313137296461
364,0.12661192282608746,0.11319233607224813,0.013419586753839335,0.013419586753839335
365,0.1292174983504012,0.1330616421153282,0.003844143764927005,0.003844143764927005
366,0.12516442080032741,0.12272147768460188,0.0024429431157255294,0.0024429431157255294
367,0.12410943225527593,0.13225061929695564,0.00814118704167971,0.00814118704167971
368,0.12570907593234082,0.12499896461530889,0.0007101113170319279,0.0007101113170319279
369,0.12880036667335926,0.1320816890112381,0.003281322337878839,0.003281322337878839
370,0.12449218231505443,0.12484825196601583,0.0003560696509613964,0.0003560696509613964
371,0.12650398611126423,0.13314086187954527,0.006636875768281036,0.006636875768281036
372,0.11901118947936884,0.1345196862397614,0.015508496760392565,0.015508496760392565
373,0.13263265913417743,0.11121977421152118,0.02141288492265625,0.02141288492265625
374,0.1301154335845388,0.13385165774843907,0.0037362241639002647,0.0037362241639002647
375,0.12211721519921448,0.12735496964457452,0.005237754445360038,0.005237754445360038
376,0.11912894951341024,0.12399305843875488,0.00486410892534464,0.00486410892534464
377,0.11230839136678783,0.11167121049374193,0.0006371808730459005,0.0006371808730459005
378,0.09833855326946417,0.11527495675857025,0.016936403489106078,0.016936403489106078
379,0.10383422118568897,0.09949026043570221,0.004343960749986761,0.004343960749986761
380,0.11422208176739246,0.09806796703225615,0.01615411473513631,0.01615411473513631
381,0.11357440158016474,0.11126813780056363,0.0023062637796011087,0.0023062637796011087
382,0.10447213795198651,0.11183313267977342,0.00736099472778691,0.00736099472778691
383,0.11093941599648471,0.09784926126928098,0.013090154727203734,0.013090154727203734
384,0.11406017669515744,0.10960121123237336,0.004458965462784084,0.004458965462784084
385,0.1173869875042588,0.11072348266855019,0.006663504835708614,0.006663504835708614
386,0.11821627930044554,0.1185099862767888,0.00029370697634326093,0.00029370697634326093
387,0.1309103437634621,0.1280279012386076,0.002882442524854506,0.002882442524854506
388,0.13121947882739282,0.12905343693980126,0.0021660418875915632,0.0021660418875915632
389,0.13584662156884642,0.130075472869601,0.005771148699245415,0.005771148699245415
390,0.1321272373807485,0.135660183869261,0.0035329464885124895,0.0035329464885124895
391,0.1324511074235063,0.13453861409874263,0.002087506675236328,0.002087506675236328
392,0.1308073187082479,0.13473068223739204,0.0039233635291441304,0.0039233635291441304
393,0.13882021217411133,0.12796761789027003,0.010852594283841305,0.010852594283841305
394,0.13973288238707615,0.14229637508568022,0.002563492698604064,0.002563492698604064
395,0.14176433282172207,0.14261813157456443,0.0008537987528423607,0.0008537987528423607
396,0.1539677105101369,0.1402074565222287,0.0137602539879082,0.0137602539879082
397,0.1405327042256086,0.1521227320026695,0.01159002777706089,0.01159002777706089
398,0.13988011237877185,0.1440684573767548,0.004188344997982957,0.004188344997982957
399,0.139301075629495,0.1429700254591683,0.003668949829673279,0.003668949829673279
400,0.14598913876324893,0.14201458786863203,0.003974550894616902,0.003974550894616902
401,0.1546399489954099,0.1373418454162784,0.017298103579131502,0.017298103579131502
402,0.1549638190381677,0.1500611441723039,0.004902674865863793,0.004902674865863793
403,0.15485097066373532,0.15007726536865137,0.0047737052950839465,0.0047737052950839465
404,0.1632220558913321,0.14888139605042325,0.014340659840908848,0.014340659840908848
405,0.16445368448744557,0.16285825080433128,0.0015954336831142946,0.0015954336831142946
406,0.1584770932175491,0.1638312214794302,0.005354128261881086,0.005354128261881086
407,0.1582857780859478,0.1552953646186769,0.002990413467270886,0.002990413467270886
408,0.15789320470695123,0.1553514465299621,0.002541758176989123,0.002541758176989123
409,0.16449782952563907,0.154407928698721,0.010089900826918075,0.010089900826918075
410,0.17598482369058743,0.16133011712613898,0.01465470656444845,0.01465470656444845
411,0.16903177053109653,0.1878152917522385,0.018783521221141963,0.018783521221141963
412,0.16646057662404623,0.17007766309328315,0.0036170864692369187,0.0036170864692369187
413,0.16037119687800538,0.1671377353258265,0.006766538447821102,0.006766538447821102
414,0.15953699342220962,0.1534510963337661,0.006085897088443509,0.006085897088443509
415,0.15658796111498985,0.15387238666336894,0.0027155744516209057,0.0027155744516209057
416,0.16215724402706255,0.15502059405821306,0.0071366499688494955,0.0071366499688494955
417,0.16552340801132415,0.1614681997935802,0.004055208217743939,0.004055208217743939
418,0.16524859466636888,0.16526611919403328,1.7524527664403156e-05,1.7524527664403156e-05
419,0.16130836549072747,0.16582900907626774,0.004520643585540274,0.004520643585540274
420,0.15392847713155244,0.16010830329234535,0.006179826160792906,0.006179826160792906
421,0.15655855105562344,0.14983332531266738,0.006725225742956059,0.006725225742956059
422,0.1689533037739276,0.15404972838008948,0.014903575393838103,0.014903575393838103
423,0.17267759962163454,0.16918951695077053,0.0034880826708640067,0.0034880826708640067
424,0.17880627264454774,0.17616006896723096,0.002646203677316772,0.002646203677316772
425,0.18024892290898675,0.1898397255303001,0.009590802621313343,0.009590802621313343
426,0.18078866638139113,0.18740382474185382,0.006615158360462697,0.006615158360462697
427,0.18096530643245323,0.1886130171506939,0.007647710718240663,0.007647710718240663
428,0.18354141199911256,0.18824500206974257,0.004703590070630009,0.004703590070630009
429,0.18234410512197452,0.1805082653818632,0.0018358397401113113,0.0018358397401113113
430,0.18888990982192955,0.18269391968029788,0.006195990141631663,0.006195990141631663
431,0.18592123087627366,0.19232048157949663,0.006399250703222975,0.006399250703222975
432,0.1846945139397691,0.18726851450945323,0.002574000569684126,0.002574000569684126
433,0.18637268427229092,0.18259928038539172,0.0037734038868992015,0.0037734038868992015
434,0.1832077186371367,0.19105381248495273,0.007846093847816038,0.007846093847816038
435,0.18283970355618528,0.18335004552612158,0.0005103419699362954,0.0005103419699362954
436,0.18024892290898675,0.18372015704714992,0.003471234138163165,0.003471234138163165
437,0.18851207142176019,0.18630048116465822,0.002211590257101964,0.002211590257101964
438,0.18433632217803597,0.19254689710781633,0.008210574929780362,0.008210574929780362
439,0.17660800547805777,0.1835715493948322,0.006963543916774423,0.006963543916774423
440,0.17703981223563892,0.18695448489971006,0.009914672664071145,0.009914672664071145
441,0.19193214386514545,0.18482700895263773,0.007105134912507721,0.007105134912507721
442,0.18863965477501965,0.19919640285794932,0.010556748082929668,0.010556748082929668
443,0.20510216012393678,0.18958034882983046,0.015521811294106319,0.015521811294106319
444,0.20467526502596467,0.19342523704490736,0.011250027981057314,0.011250027981057314
445,0.21006299622736624,0.19265556115899285,0.01740743506837339,0.01740743506837339
446,0.21767355289330292,0.21336885974949377,0.004304693143809157,0.004304693143809157
447,0.22253136394151818,0.2192283498665158,0.003303014075002386,0.003303014075002386
448,0.2271928883002351,0.2299435289209813,0.002750640620746203,0.002750640620746203
449,0.22309566571196782,0.2221864867134987,0.0009091789984691234,0.0009091789984691234
450,0.227178153321408,0.22994563391795658,0.002767480596548577,0.002767480596548577
451,0.23331173800393024,0.22072704781464694,0.012584690189283293,0.012584690189283293
452,0.24738957271436524,0.23567406658102014,0.0117155061333451,0.0117155061333451
453,0.24935723147238142,0.248075818842112,0.0012814126302694295,0.0012814126302694295
454,0.2501177600340414,0.24260114955425063,0.00751661047979077,0.00751661047979077
455,0.25046127671523544,0.2420095170507151,0.00845175966452033,0.00845175966452033
456,0.24067695128256605,0.24340727782681068,0.0027303265442446267,0.0027303265442446267
457,0.2245775493549913,0.23312668652186527,0.008549137166873971,0.008549137166873971
458,0.2337337813405812,0.2309150962647633,0.002818685075817895,0.002818685075817895
459,0.23671222370716738,0.23719940215347693,0.00048717844630954965,0.00048717844630954965
460,0.23534318843857627,0.2356635587099401,0.00032037027136383456,0.00032037027136383456
461,0.2247394544272262,0.24098961178858547,0.016250157361359263,0.016250157361359263
462,0.2501128483744324,0.22857522954564174,0.021537618828790628,0.021537618828790628
463,0.23103985584159248,0.24478400574694983,0.013744149905357356,0.013744149905357356
464,0.23160906927165115,0.2380006273233263,0.006391558051675156,0.006391558051675156
465,0.24534829896050114,0.23656431772050807,0.008783981239993077,0.008783981239993077
466,0.24682035928430646,0.25205669328455305,0.00523633400024659,0.00523633400024659
467,0.2612711207353018,0.24970209158660436,0.011569029148697424,0.011569029148697424
468,0.26132508909271346,0.26859353240877304,0.007268443316059581,0.007268443316059581
469,0.2659767901322123,0.2679290036888446,0.0019522135566322762,0.0019522135566322762
470,0.26420541806369435,0.27119697726541653,0.006991559201722175,0.006991559201722175
471,0.26718877208988956,0.27949799860994895,0.012309226520059391,0.012309226520059391
472,0.2666637635963124,0.2665284448070136,0.00013531878929878838,0.00013531878929878838
473,0.27010833443945503,0.2648594217987463,0.005248912640708758,0.005248912640708758
474,0.2659179101151916,0.264556584611945,0.0013613255032466354,0.0013613255032466354
475,0.2497055999148965,0.273268379858102,0.023562779943205492,0.023562779943205492
476,0.2185371664084651,0.24657010423739653,0.02803293782893143,0.02803293782893143
477,0.20227579951036745,0.2226070753774431,0.020331275867075643,0.020331275867075643
478,0.20459679826879573,0.1906237598915177,0.013973038377278035,0.013973038377278035
479,0.1677510852371804,0.19870011987187655,0.030949034634696143,0.030949034634696143
480,0.17817326753785934,0.1651693920159484,0.01300387552191093,0.01300387552191093
481,0.20259966955312525,0.18608597683873537,0.016513692714389877,0.016513692714389877
482,0.1791841110447172,0.19425414378067174,0.01507003273595453,0.01507003273595453
483,0.2013288075784272,0.18562963745380387,0.015699170124623324,0.015699170124623324
484,0.16821727361202488,0.19582083484248497,0.027603561230460094,0.027603561230460094
485,0.1580944030560586,0.16803780122763423,0.009943398171575635,0.009943398171575635
486,0.11744101575995836,0.1611303306652468,0.043689314905288434,0.043689314905288434
487,0.14925221779400832,0.1140762807777084,0.035175937016299924,0.035175937016299924
488,0.11736740076411045,0.13945039350436952,0.022082992740259072,0.022082992740259072
489,0.06805337991663118,0.12567611476019086,0.057622734843559675,0.057622734843559675
490,0.11948714127514348,0.061053357942516394,0.05843378333262709,0.05843378333262709
491,0.05304814001440428,0.12370144790248859,0.07065330788808431,0.07065330788808431
492,0.0704528454322284,0.05529831332582196,0.015154532106406444,0.015154532106406444
493,0.05916704961638741,0.07530571915013982,0.01613866953375241,0.01613866953375241
494,0.06823984328691135,0.06631913622972245,0.0019207070571889001,0.0019207070571889001
495,0.04715498705957388,0.07168584313206572,0.024530856072491836,0.024530856072491836
496,0.03945122865764106,0.045474048570460605,0.006022819912819548,0.006022819912819548
497,0.07764627042112326,0.04145042814269374,0.03619584227842952,0.03619584227842952
498,0.06195902861269331,0.08481101268700501,0.0228519840743117,0.0228519840743117
499,0.09103713166745808,0.05673250937476659,0.03430462229269149,0.03430462229269149
500,0.06599245952433086,0.08866570710750345,0.022673247583172587,0.022673247583172587
501,0.08371115176740684,0.06856017933068213,0.01515097243672471,0.01515097243672471
502,0.09155728839971422,0.08041095291193644,0.011146335487777784,0.011146335487777784
503,0.06349488061312847,0.08957557921473273,0.026080698601604266,0.026080698601604266
504,0.07096311894697849,0.056554457435489355,0.014408661511489132,0.014408661511489132
505,0.059696969769573616,0.07454374447267155,0.014846774703097934,0.014846774703097934
506,0.10338773934756862,0.060803821675061424,0.042583917672507195,0.042583917672507195
507,0.10318654099846136,0.10173199664542207,0.0014545443530392943,0.0014545443530392943
508,0.11485017521447183,0.10222128008870698,0.012628895125764844,0.012628895125764844
509,0.11542424040585164,0.11193408696560546,0.0034901534402461826,0.0034901534402461826
510,0.11842238930916194,0.11311032675919389,0.00531206254996805,0.00531206254996805
511,0.14377613661793187,0.12381570816513608,0.01996042845279579,0.01996042845279579
512,0.1404590892297607,0.14121825724459522,0.000759168014834527,0.000759168014834527
513,0.14094977600436254,0.1439156482873847,0.0029658722830221695,0.0029658722830221695
514,0.15065557478157487,0.14398434306672522,0.006671231714849651,0.006671231714849651
515,0.1424905396644066,0.13438581356627083,0.008104726098135784,0.008104726098135784
516,0.11782370592144886,0.14280318305662948,0.024979477135180617,0.024979477135180617
517,0.14082219265110296,0.12057998553815738,0.02024220711294558,0.02024220711294558
518,0.1472502373170167,0.142375586292999,0.004874651024017684,0.004874651024017684
519,0.14872229764082212,0.14015768104497114,0.008564616595850977,0.008564616595850977
520,0.14703921564869127,0.13521156280657226,0.011827652842119007,0.011827652842119007
521,0.12632734606020213,0.14335695984220256,0.017029613782000436,0.017029613782000436
522,0.1792282560829107,0.12544339279784353,0.05378486328506718,0.05378486328506718
523,0.18275141347979817,0.18828355089646517,0.005532137416666999,0.005532137416666999
524,0.16898762549290303,0.1853289138208762,0.016341288327973186,0.016341288327973186
525,0.1720250077747978,0.16928274435746146,0.002742263417336327,0.002742263417336327
526,0.18395357211825747,0.17075269968429155,0.013200872433965921,0.013200872433965921
527,0.18208408665413434,0.18054541087726897,0.001538675776865367,0.001538675776865367
528,0.19447883937243848,0.1816985299317221,0.01278030944071637,0.01278030944071637
529,0.20223656613178298,0.19556847479859973,0.006668091333183246,0.006668091333183246
530,0.2095428993933981,0.1899171740165745,0.019625725376823583,0.019625725376823583
531,0.1960391897726309,0.21602207152649658,0.019982881753865672,0.019982881753865672
532,0.18308013528387712,0.19641036234904521,0.013330227065168093,0.013330227065168093
533,0.18641682931048442,0.18283902756122172,0.003577801749262699,0.003577801749262699
534,0.1947879145380812,0.18939949878481777,0.005388415753263431,0.005388415753263431
535,0.2000627973650504,0.19587901319384723,0.004183784171203159,0.004183784171203159
536,0.19493268869997238,0.18891932843819426,0.006013360261778122,0.006013360261778122
537,0.21124065646606816,0.19428217617941618,0.016958480286651978,0.016958480286651978
538,0.20931720264453335,0.21456262407074655,0.005245421426213204,0.005245421426213204
539,0.2130562334710675,0.2104331419759877,0.0026230914950798045,0.0026230914950798045
540,0.21629475420378164,0.22028894317993647,0.003994188976154833,0.003994188976154833
541,0.21669709100370838,0.222262899815082,0.005565808811373613,0.005565808811373613
542,0.21615243587169497,0.220139625305062,0.003987189433367039,0.003987189433367039
543,0.22213393880120047,0.22148620727258317,0.0006477315286173013,0.0006477315286173013
544,0.22355688252891526,0.2304629583168841,0.006906075787968841,0.006906075787968841
545,0.22718797664062607,0.23427069247965698,0.0070827158390309175,0.0070827158390309175
546,0.2257944429722777,0.221800947104883,0.003993495867394697,0.003993495867394697
547,0.21391984698622968,0.23385220881268795,0.019932361826458272,0.019932361826458272
548,0.2267807281810903,0.21865145234180747,0.008129275839282829,0.008129275839282829
549,0.23081415909272784,0.22108384480196155,0.00973031429076629,0.00973031429076629
550,0.23550024174949002,0.23744474554077785,0.0019445037912878271,0.0019445037912878271
551,0.24025496784420308,0.23683069396376547,0.003424273880437617,0.003424273880437617
552,0.20982747615928343,0.23523383983553778,0.025406363676254345,0.025406363676254345
553,0.2144105337608314,0.21339759381389653,0.001012939946934882,0.001012939946934882
554,0.2176833762125211,0.22092753594119754,0.003244159728676449,0.003244159728676449
555,0.22890538035173236,0.21831777609362807,0.010587604258104288,0.010587604258104288
556,0.2330271612380449,0.2251979073660313,0.007829253872013608,0.007829253872013608
557,0.2255883329635613,0.23909065636680807,0.01350232340324678,0.01350232340324678
558,0.22350782583111273,0.23248249754913322,0.008974671718020494,0.008974671718020494
559,0.23339026465938717,0.23338465133411973,5.613325267439517e-06,5.613325267439517e-06
560,0.23954840763995477,0.23679423302022165,0.002754174619733124,0.002754174619733124
561,0.22363049752476316,0.23440668726391947,0.010776189739156311,0.010776189739156311
562,0.22822331854724132,0.23412278649299773,0.005899467945756409,0.005899467945756409
563,0.1882667280344592,0.23219088701286691,0.04392415897840771,0.04392415897840771
564,0.20547508686449711,0.18920322065221779,0.01627186621227933,0.01627186621227933
565,0.21462149553086896,0.19840991266692712,0.016211582863941837,0.016211582863941837
566,0.22660899978963722,0.21965244685875238,0.006956552930884846,0.006956552930884846
567,0.23969066607375344,0.21981577237610075,0.01987489369765269,0.01987489369765269
568,0.25490195608640875,0.22993933604082722,0.02496262004558153,0.02496262004558153
569,0.24973998153215993,0.2515674098412682,0.0018274283091082588,0.0018274283091082588
570,0.25504918607810445,0.24135410142744812,0.01369508465065633,0.01369508465065633
571,0.2624045760375222,0.24975818205478786,0.012646393982734344,0.012646393982734344
572,0.2774931943565271,0.26644433049698396,0.011048863859543123,0.011048863859543123
573,0.2625763044289753,0.2724026699028628,0.009826365473887544,0.009826365473887544
574,0.26711024543443274,0.2679276089144261,0.0008173634799933382,0.0008173634799933382
575,0.26370490796987456,0.2669511384679332,0.0032462304980586665,0.0032462304980586665
576,0.2658442951193437,0.27523743339053675,0.009393138271193036,0.009393138271193036
577,0.2646421364808845,0.27113458892010367,0.006492452439219143,0.006492452439219143
578,0.28925985362775175,0.2753180564860707,0.013941797141681034,0.013941797141681034
579,0.28567787611213147,0.28898509162418623,0.003307215512054762,0.003307215512054762
580,0.2906190655771248,0.2909695732442083,0.00035050766708349945,0.00035050766708349945
581,0.26470592815751426,0.29107541351895466,0.026369485361440403,0.026369485361440403
582,0.26283638279510324,0.2790928380335919,0.016256455238488676,0.016256455238488676
583,0.27183064981017035,0.2708401888350002,0.0009904609751701376,0.0009904609751701376
584,0.25717874990835565,0.26834679424705354,0.011168044338697891,0.011168044338697891
585,0.26781686553696904,0.25319298092010206,0.014623884616866978,0.014623884616866978
586,0.27244400827842263,0.26570269556671205,0.006741312711710579,0.006741312711710579
587,0.24865061136984512,0.2713434884776573,0.022692877107812204,0.022692877107812204
588,0.2444748621261209,0.2469773783676272,0.0025025162415062974,0.0025025162415062974
589,0.23982316108662205,0.2527163189017707,0.01289315781514866,0.01289315781514866
590,0.244062702006976,0.23034309328586744,0.013719608721108556,0.013719608721108556
591,0.25706098987431425,0.2502537719321004,0.006807217942213839,0.006807217942213839
592,0.2543082442565928,0.25512278396015586,0.0008145397035630442,0.0008145397035630442
593,0.2550982427759071,0.2508019439493043,0.004296298826602818,0.004296298826602818
594,0.2473551910971018,0.2519080941891336,0.004552903092031824,0.004552903092031824
595,0.2602602772284439,0.24651824087696023,0.013742036351483689,0.013742036351483689
596,0.2660650802085994,0.26819818659473577,0.002133106386136341,0.002133106386136341
597,0.2608049323604573,0.27168276093730753,0.010877828576850213,0.010877828576850213
598,0.26583447180012565,0.26794933487914274,0.002114863079017093,0.002114863079017093
599,0.2857661661885186,0.2681168703904417,0.01764929579807689,0.01764929579807689
600,0.2803342899489235,0.2924388269053799,0.012104536956456413,0.012104536956456413
601,0.2971255770002075,0.2813079451758843,0.015817631824323164,0.015817631824323164
602,0.2964729851533707,0.2956422900258672,0.0008306951275035002,0.0008306951275035002
603,0.3002904827370738,0.2920371575435185,0.008253325193555316,0.008253325193555316
604,0.31011404154832767,0.29008632164750825,0.02002771990081942,0.02002771990081942
605,0.331782786286263,0.30508801899384974,0.02669476729241327,0.02669476729241327
606,0.32292586604538565,0.33399368343460484,0.011067817389219192,0.011067817389219192
607,0.3278720270682759,0.32723271552755984,0.0006393115407160588,0.0006393115407160588
608,0.32285231094782574,0.33400419130568476,0.011151880357859023,0.011151880357859023
609,0.33587018555531223,0.32609012145798316,0.009780064097329066,0.009780064097329066
610,0.36902592445819604,0.3274079608042033,0.04161796365399273,0.04161796365399273
611,0.3266109285145081,0.38308408685949985,0.056473158344991725,0.056473158344991725
612,0.3016840763037102,0.3315556605353866,0.029871584231676407,0.029871584231676407
613,0.27290528499365796,0.3036573141594007,0.030752029165742767,0.030752029165742767
614,0.2849614326903771,0.2647465563105174,0.020214876379859692,0.020214876379859692
615,0.2727237332829868,0.29511166820702245,0.022387934924035624,0.022387934924035624
616,0.2671789487706715,0.26728691115618963,0.00010796238551813442,0.00010796238551813442
617,0.2664723885664231,0.2665557840969977,8.33955305746259e-05,8.33955305746259e-05
618,0.2773459643648314,0.2655624993453973,0.011783465019434114,0.011783465019434114
619,0.2672672987453465,0.2717325278576669,0.00446522911232039,0.00446522911232039
620,0.2548185776696308,0.2682206142251109,0.013402036555480112,0.013402036555480112
621,0.23737955053283122,0.25333318569831514,0.015953635165483926,0.015953635165483926
622,0.22323307238444545,0.23802725639075373,0.014794184006308275,0.014794184006308275
623,0.2400635928143139,0.22863760933405627,0.011425983480257612,0.011425983480257612
624,0.2154065823905742,0.23443682465963914,0.01903024226906494,0.01903024226906494
625,0.22182480373726987,0.2212268476859101,0.0005979560513597604,0.0005979560513597604
626,0.23000451393497734,0.2295418681160181,0.0004626458189592453,0.0004626458189592453
627,0.23960237599736645,0.2260916582769131,0.013510717720453341,0.013510717720453341
628,0.2419625482360913,0.23178782287658686,0.01017472535950445,0.01017472535950445
629,0.2420950432489598,0.23685520947731933,0.005239833771640473,0.005239833771640473
630,0.2521492104686873,0.23326478630310302,0.018884424165584307,0.018884424165584307
631,0.23660919865195307,0.2472816017719488,0.010672403119995733,0.010672403119995733
632,0.2501521416513047,0.23541681199132233,0.014735329659982394,0.014735329659982394
633,0.23416552819987435,0.2443374811243381,0.01017195292446374,0.01017195292446374
634,0.23752678052452691,0.23776930013539754,0.00024251961087062845,0.00024251961087062845
635,0.2501079966131112,0.23849691030939899,0.011611086303712242,0.011611086303712242
636,0.26448017151036174,0.24000681779426847,0.02447335371609327,0.02447335371609327
637,0.2909429356198826,0.2750776162014806,0.015865319418402024,0.015865319418402024
638,0.29218438753521425,0.28714991932214035,0.005034468213073906,0.005034468213073906
639,0.29041786722801743,0.2884670655596002,0.0019508016684172125,0.0019508016684172125
640,0.28602624455464665,0.28802965403364994,0.002003409479003293,0.002003409479003293
641,0.2928369793820509,0.2906527284149331,0.0021842509671177734,0.0021842509671177734
642,0.2739945952576849,0.2908132472696478,0.01681865201196292,0.01681865201196292
643,0.28445607083523616,0.2648187508612518,0.01963731997398438,0.01963731997398438
644,0.3027979448657824,0.29081535226662314,0.011982592599159236,0.011982592599159236
645,0.3136028173279518,0.2978433809687874,0.015759436359164436,0.015759436359164436
646,0.3261987683953632,0.3176951624842031,0.008503605911160117,0.008503605911160117
647,0.30139452797992783,0.3315970245816412,0.03020249660171337,0.03020249660171337
648,0.30817094108835674,0.29036390742750406,0.017807033660852678,0.017807033660852678
649,0.2651671449744618,0.3116611201992977,0.04649397522483589,0.04649397522483589
650,0.2900057071088725,0.27247978467010453,0.017525922438767993,0.017525922438767993
651,0.31638994456293656,0.2836919826038943,0.03269796195904229,0.03269796195904229
652,0.31885320175516363,0.31700048781165674,0.0018527139435068896,0.0018527139435068896
653,0.33071797442199347,0.3205222247634309,0.01019574965856257,0.01019574965856257
654,0.37925673172898566,0.3259464169083762,0.05331031482060944,0.05331031482060944
655,0.386244106607452,0.3793058055405848,0.006938301066867214,0.006938301066867214
656,0.3854491964285287,0.3836021129240859,0.0018470835044427925,0.0018470835044427925
657,0.3860625548967809,0.3830216985141871,0.0030408563825937707,0.0030408563825937707
658,0.3749681341108291,0.3850994075409001,0.01013127343007103,0.01013127343007103
659,0.3810133688186764,0.3795903908633685,0.0014229779553079358,0.0014229779553079358
660,0.37960510017150084,0.379211174802577,0.0003939253689238531,0.0003939253689238531
661,0.392941993060424,0.37834896461873163,0.014593028441692357,0.014593028441692357
662,0.39508138020989325,0.38921696987636384,0.005864410333529413,0.005864410333529413
663,0.38957097731484125,0.40080909409350174,0.01123811677866049,0.01123811677866049
664,0.378103629788329,0.38717360823932095,0.009069978450991945,0.009069978450991945
665,0.38651400829279814,0.37787439904047737,0.008639609252320768,0.008639609252320768
666,0.3758513343661396,0.3846388667189163,0.008787532352776684,0.008787532352776684
667,0.3722546218716921,0.37828586605086206,0.006031244179169948,0.006031244179169948
668,0.3889477955273709,0.3837352924888164,0.005212503038554528,0.005212503038554528
669,0.3901990707619206,0.3832838647634938,0.006915205998426821,0.006915205998426821
670,0.4008763598708306,0.38666751049092846,0.014208849379902133,0.014208849379902133
671,0.38495359799431783,0.40381980452347765,0.018866206529159824,0.018866206529159824
672,0.403285648705646,0.3805612565414921,0.022724392164153895,0.022724392164153895
673,0.41793263694785165,0.3991085132444014,0.01882412370345027,0.01882412370345027
674,0.4173536600968627,0.41692885288206943,0.0004248072147932658,0.0004248072147932658
675,0.4179522835862878,0.416843335240723,0.0011089483455647975,0.0011089483455647975
676,0.41377653434256356,0.41743987084696926,0.003663336504405701,0.003663336504405701
677,0.41332022918522515,0.4175050572980177,0.004184828112792527,0.004184828112792527
678,0.39643076884004813,0.4199178373473287,0.02348706850728055,0.02348706850728055
679,0.39211270126423725,0.40044599067215947,0.008333289407922218,0.008333289407922218
680,0.39527275523978245,0.38891625480033437,0.006356500439448076,0.006356500439448076
681,0.38461996453062985,0.40151638163410336,0.016896417103473504,0.016896417103473504
682,0.3884031403953575,0.38268732915724757,0.005715811238109936,0.005715811238109936
683,0.3860625548967809,0.38387479560137094,0.00218775929540993,0.00218775929540993
684,0.37865319657995156,0.3845729700453112,0.005919773465359657,0.005919773465359657
685,0.37036548976913286,0.38120125263407006,0.010835762864937204,0.010835762864937204
686,0.37446762401700917,0.3762474160734284,0.001779792056419205,0.001779792056419205
687,0.3666804273000104,0.3816379539374636,0.0149575266374532,0.0149575266374532
688,0.37103772825440573,0.3767374011823717,0.005699672927965971,0.005699672927965971
689,0.37421245731049024,0.3793478541387013,0.00513539682821107,0.00513539682821107
690,0.3924856280047976,0.37795149669392264,0.014534131310874943,0.014534131310874943
691,0.3839624011258962,0.3905320196737468,0.0065696185478505975,0.0065696185478505975
692,0.3745412390128571,0.384526711453244,0.009985472440386944,0.009985472440386944
693,0.38060612035914054,0.3796485692147307,0.0009575511444098184,0.0009575511444098184
694,0.3690062778197598,0.38176835251025515,0.01276207469049534,0.01276207469049534
695,0.37522821247695715,0.37613876057915,0.0009105481021928763,0.0009105481021928763
696,0.37246564354001754,0.3808114944746054,0.00834585093458784,0.00834585093458784
697,0.39796170918087415,0.38244759053831584,0.015514118642558306,0.015514118642558306
698,0.4077557980344736,0.40158998807305296,0.006165809961420632,0.006165809961420632
699,0.3878878953227104,0.41217199611968625,0.02428410079697585,0.02428410079697585
700,0.37799078141389675,0.3813267309903542,0.003335949576457442,0.003335949576457442
701,0.38184266061486316,0.37854173442303957,0.0033009261918235944,0.0033009261918235944
702,0.3748651090556149,0.38486107225328536,0.009995963197670488,0.009995963197670488
703,0.37290721371852886,0.3807484130205324,0.007841199302003554,0.007841199302003554
704,0.399733081249392,0.38197162162874465,0.017761459620647346,0.017761459620647346
705,0.4468586582495996,0.3960038651851778,0.05085479306442181,0.05085479306442181
706,0.4489931337394597,0.459020680448658,0.01002754670919831,0.01002754670919831
707,0.4538018880898723,0.45833371554145624,0.004531827451583925,0.004531827451583925
708,0.4529922429321218,0.4584493791354206,0.005457136203298796,0.005457136203298796
709,0.4617460782194971,0.4571988312372242,0.004547246982272879,0.004547246982272879
710,0.41932623051448803,0.46325880948079684,0.04393257896630881,0.04393257896630881
711,0.43518520071437095,0.41438148993671114,0.0208037107776598,0.0208037107776598
712,0.42175510608945166,0.44068650762655803,0.018931401537106374,0.018931401537106374
713,0.45394905818328013,0.4165391118364014,0.03740994634687872,0.03740994634687872
714,0.4667854409783835,0.4564789222716689,0.010306518706714562,0.010306518706714562
715,0.5367377763167921,0.44648573150903914,0.09025204480775295,0.09025204480775295
716,0.5329595121116734,0.5391981926187922,0.006238680507118843,0.006238680507118843
717,0.5504426243883785,0.5414504538133885,0.008992170574990022,0.008992170574990022
718,0.5479449855788882,0.5439045636813612,0.004040421897526958,0.004040421897526958
719,0.5433325778162618,0.5385574777467592,0.004775100069502547,0.004775100069502547
720,0.5491569675365656,0.533241247987332,0.015915719549233653,0.015915719549233653
721,0.5494072225834755,0.537689671351443,0.011717551232032553,0.011717551232032553
722,0.553440773291689,0.5371134498216982,0.016327323469990773,0.016327323469990773
723,0.562169990382731,0.5356687287878771,0.026501261594853887,0.026501261594853887
724,0.565315369277737,0.5433009943047339,0.02201437497300307,0.02201437497300307
725,0.5598637865014177,0.5440797918442081,0.015783994657209588,0.015783994657209588
726,0.5519833281501348,0.5452055716086771,0.006777756541457736,0.006777756541457736
727,0.5341910209112112,0.5411791487967256,0.006988127885514395,0.006988127885514395
728,0.5371254380361795,0.5433529090065599,0.006227470970380344,0.006227470970380344
729,0.5490539424813513,0.5368989882802667,0.012154954201084589,0.012154954201084589
730,0.5177432505411211,0.5422130959289222,0.02446984538780106,0.02446984538780106
731,0.520442027801431,0.5285720053063724,0.008129977504941377,0.008129977504941377
732,0.5423512042670583,0.5239083759506801,0.018442828316378224,0.018442828316378224
733,0.5395690485899703,0.5367342337609068,0.002834814829063559,0.002834814829063559
734,0.5154615450595653,0.5437230290844864,0.028261484024921124,0.028261484024921124
735,0.5264431773693726,0.5277146982252378,0.001271520855865127,0.001271520855865127
736,0.5556144821601335,0.5296164859803437,0.025997996179789817,0.025997996179789817
737,0.5142152413829125,0.5474108468748531,0.03319560549194056,0.03319560549194056
738,0.5282144895396027,0.5274616536294906,0.000752835910112104,0.000752835910112104
739,0.5293578280593291,0.535323175564894,0.0059653475055648775,0.0059653475055648775
740,0.5586714511821765,0.5373707471958873,0.02130070398628925,0.02130070398628925
741,0.5327386072258419,0.5479548174550046,0.015216210229162752,0.015216210229162752
742,0.5349810793288133,0.543659245964755,0.008678166635941675,0.008678166635941675
743,0.5477536704472868,0.5356617463588857,0.012091924088401096,0.012091924088401096
744,0.5470471102430384,0.5380268302572198,0.009020279985818669,0.009020279985818669
745,0.5201279810778913,0.5440104125130056,0.02388243143511437,0.02388243143511437
746,0.5235529651808856,0.526593838677276,0.0030408734963904838,0.0030408734963904838
747,0.5212909063377661,0.5319416262775364,0.010650719939770292,0.010650719939770292
748,0.5283420728928622,0.525909680432708,0.0024323924601541425,0.0024323924601541425
749,0.5244656952921384,0.5360220516744926,0.011556356382354194,0.011556356382354194
750,0.5241221786109443,0.5316030640404429,0.0074808854294985405,0.0074808854294985405
751,0.5197992592738123,0.5320902339298542,0.012290974656041898,0.012290974656041898
752,0.5298092215570583,0.5260316590175983,0.0037775625394600443,0.0037775625394600443
753,0.529608083106239,0.5415226569210213,0.011914573814782337,0.011914573814782337
