0,0.04458776926278807,0.042073732509602,0.0025140367531860663,0.0025140367531860663
1,0.04899239118820453,0.04655020315672298,0.0024421880314815514,0.0024421880314815514
2,0.0503828327963779,0.05096357360225395,0.0005807408058760566,0.0005807408058760566
3,0.020506849343157052,0.05207892886043447,0.03157207951727742,0.03157207951727742
4,0.0241696024357676,0.02348661614518599,0.0006829862905816109,0.0006829862905816109
5,0.031126537932536613,0.027020390397255623,0.004106147535280991,0.004106147535280991
6,0.03842402112614607,0.03350813917650303,0.004915881949643042,0.004915881949643042
7,0.023175754507657742,0.041038591326768015,0.017862836819110273,0.017862836819110273
8,0.002640939130189146,0.026680618247953203,0.024039679117764057,0.024039679117764057
9,0.03835874806031914,0.006584249532677278,0.03177449852764186,0.03177449852764186
10,0.06089521383251317,0.04063872522187961,0.02025648861063356,0.02025648861063356
11,0.017735250166714067,0.062451166189775476,0.04471591602306141,0.04471591602306141
12,0.021038773568076374,0.02079981695350952,0.00023895661456685424,0.00023895661456685424
13,0.03293692571378326,0.023630439533903702,0.009306486179879558,0.009306486179879558
14,0.024281580487613752,0.035299208525702286,0.011017628038088534,0.011017628038088534
15,0.012201449768331929,0.02769577363159087,0.01549432386325894,0.01549432386325894
16,0.0,0.016260904708098434,0.016260904708098434,0.016260904708098434
17,0.0012971455507350127,0.005090417148208792,0.0037932715974737796,0.0037932715974737796
18,0.023231743533580818,0.005354401556463828,0.01787734197711699,0.01787734197711699
19,0.024160261438563757,0.026138906670575057,0.0019786452320113,0.0019786452320113
20,0.016064863428925213,0.027635754344155328,0.011570890915230114,0.011570890915230114
21,0.009205894488196531,0.019320251616264106,0.010114357128067575,0.010114357128067575
22,0.01836514094767383,0.01291500809072782,0.005450132856946011,0.005450132856946011
23,0.01580821383501929,0.022141589690687857,0.006333375855668566,0.006333375855668566
24,0.014567057310207465,0.019086283726156505,0.00451922641594904,0.00451922641594904
25,0.020222233714939697,0.017956004316474372,0.002266229398465325,0.002266229398465325
26,0.020894102026016714,0.023278446214111903,0.0023843441880951888,0.0023843441880951888
27,0.02248053370357095,0.02443710161481011,0.00195656791123916,0.00195656791123916
28,0.024668833170473414,0.025391690967185687,0.0007228577967122729,0.0007228577967122729
29,0.024080919919631016,0.0279171951409809,0.003836275221349883,0.003836275221349883
30,0.038965286348269346,0.02703097467129728,0.011934311676972065,0.011934311676972065
31,0.050368878257872174,0.04116958076584193,0.009199297492030245,0.009199297492030245
32,0.048623820499752446,0.05259696703479455,0.003973146535042105,0.003973146535042105
33,0.03766814079753433,0.050863129913041316,0.013194989115506983,0.013194989115506983
34,0.017604590120460117,0.040230220168393394,0.022625630047933276,0.022625630047933276
35,0.015201675547069193,0.021398727822596997,0.0061970522755278035,0.0061970522755278035
36,0.038447373619155734,0.018585069294071832,0.0198623043250839,0.0198623043250839
37,0.03960451812643295,0.04059677871114359,0.0009922605847106358,0.0009922605847106358
38,0.04786794017114082,0.04179792364741575,0.006070016523725075,0.006070016523725075
39,0.04572623177565749,0.049850603346367595,0.004124371570710106,0.004124371570710106
40,0.05792301104538744,0.0476630026063356,0.010260008439051838,0.010260008439051838
41,0.07182287054311975,0.05942645459437906,0.012396415948740691,0.012396415948740691
42,0.08101475353551046,0.0730140818690242,0.00800067166648627,0.00800067166648627
43,0.09754154066762621,0.08182901780315777,0.015712522864468448,0.015712522864468448
44,0.10780194260845755,0.09807826913398576,0.009723673474471783,0.009723673474471783
45,0.0823772291093724,0.10859224790523603,0.02621501879586363,0.02621501879586363
46,0.08680520352779852,0.08304553103755258,0.0037596724902459466,0.0037596724902459466
47,0.09123784844482652,0.08773944878415052,0.0034983996606759993,0.0034983996606759993
48,0.08281112982095129,0.09203242907107351,0.009221299250122217,0.009221299250122217
49,0.08641328034633688,0.08372645956119956,0.0026868207851373227,0.0026868207851373227
50,0.08983339534084733,0.0872343412256062,0.0025990541152411395,0.0025990541152411395
51,0.10543627810928191,0.09049680310711139,0.014939475002170521,0.014939475002170521
52,0.10533831155324158,0.10583498199674946,0.0004966704435078739,0.0004966704435078739
53,0.10847381091953467,0.10564431628701576,0.002829494632518914,0.002829494632518914
54,0.10761529353628063,0.10893881460998983,0.0013235210737091996,0.0013235210737091996
55,0.11620997923792498,0.1082530275001829,0.00795695173774208,0.00795695173774208
56,0.12207971379184568,0.11655167694268992,0.00552803684915576,0.00552803684915576
57,0.11553805396954797,0.12249141154771853,0.00695335757817056,0.00695335757817056
58,0.1208992167915589,0.11581397121276493,0.005085245578793973,0.005085245578793973
59,0.11937811513713159,0.12173206034497236,0.0023539452078407685,0.0023539452078407685
60,0.1189069073940372,0.11975895199672287,0.0008520446026856754,0.0008520446026856754
61,0.11975141328148553,0.11918146638265714,0.0005699468988283884,0.0005699468988283884
62,0.12822945043268186,0.12019645320318761,0.008032997229494243,0.008032997229494243
63,0.12905994482432437,0.12851990942556574,0.0005400353987586315,0.0005400353987586315
64,0.1275995026944221,0.12933938806717699,0.001739885372754879,0.001739885372754879
65,0.13955370082335194,0.1277835853828448,0.011770115440507156,0.011770115440507156
66,0.1565657071943677,0.140116453924155,0.016449253270212683,0.016449253270212683
67,0.14629129375773053,0.15697063194826927,0.010679338190538734,0.010679338190538734
68,0.1465245908586268,0.14682726593756573,0.00030267507893894097,0.00030267507893894097
69,0.1690984206196362,0.14668109502680354,0.02241732559283266,0.02241732559283266
70,0.16340599414068868,0.16956156781147008,0.0061555736707814,0.0061555736707814
71,0.15784884124929688,0.1637787881006696,0.005929946851372714,0.005929946851372714
72,0.1508499282224105,0.1581508458208395,0.007300917598428991,0.007300917598428991
73,0.14585733608885165,0.15123122090646235,0.005373884817610697,0.005373884817610697
74,0.17461820952221263,0.14635912476850432,0.028259084753708308,0.028259084753708308
75,0.16906111358812081,0.1754023480928032,0.00634123450468238,0.00634123450468238
76,0.15527323214223476,0.16948899308704224,0.014215760944807476,0.014215760944807476
77,0.15376614198361316,0.15565688197617528,0.0018907399925621182,0.0018907399925621182
78,0.1454140943800688,0.1543813197450058,0.008967225364936993,0.008967225364936993
79,0.14079947088946576,0.14573727603667203,0.0049378051472062645,0.0049378051472062645
80,0.10939771528321562,0.1414113177463603,0.032013602463144664,0.032013602463144664
81,0.11753509082297153,0.10982927604881199,0.007705814774159547,0.007705814774159547
82,0.1320135225743424,0.11795865316736942,0.01405486940697298,0.01405486940697298
83,0.14900684695095046,0.13218266932166434,0.01682417762928612,0.01682417762928612
84,0.1310103336490287,0.14948852855911576,0.018478194910087065,0.018478194910087065
85,0.12633038013529874,0.13155116013508433,0.005220779999785596,0.005220779999785596
86,0.12565384132561963,0.12654399278695472,0.0008901514613350869,0.0008901514613350869
87,0.1266617007495353,0.12589880411758347,0.0007628966319518371,0.0007628966319518371
88,0.10603820285593024,0.1270889509818085,0.02105074812587826,0.02105074812587826
89,0.10967766041283111,0.10643242657767188,0.0032452338351592336,0.0032452338351592336
90,0.11581338555786147,0.11013328139012135,0.005680104167740119,0.005680104167740119
91,0.10776924911824404,0.11614224023681985,0.008372991118575812,0.008372991118575812
92,0.10643012603739177,0.10822260907574349,0.001792483038351722,0.001792483038351722
93,0.08718311521345434,0.10719596673561332,0.02001285152215898,0.02001285152215898
94,0.04874508259150245,0.08807761968627664,0.03933253709477419,0.03933253709477419
95,0.06594846549059719,0.05052689077695299,0.015421574713644193,0.015421574713644193
96,0.07011979031511739,0.06723405649238567,0.0028857338227317175,0.0028857338227317175
97,0.07751996752066925,0.07127582929214177,0.006244138228527485,0.006244138228527485
98,0.100695722028327,0.07839071759593658,0.02230500443239042,0.02230500443239042
99,0.12710494245831816,0.10102247778983792,0.026082464668480243,0.026082464668480243
100,0.1285373615966089,0.12724454161546755,0.0012928199811413355,0.0012928199811413355
101,0.12462729990729637,0.1288837856215465,0.0042564857142501356,0.0042564857142501356
102,0.1316169288942789,0.1248002486374557,0.006816680256823193,0.006816680256823193
103,0.13132297226885759,0.13221686995967669,0.000893897690819101,0.000893897690819101
104,0.1389564465753057,0.13145268399713017,0.007503762578175532,0.007503762578175532
105,0.14611398568275746,0.13911644681575408,0.006997538867003383,0.006997538867003383
106,0.14957613516468526,0.14620820410772073,0.003367931056964535,0.003367931056964535
107,0.15396207509569404,0.14992255856115494,0.0040395165345391,0.0040395165345391
108,0.1507472911677682,0.15442002195108545,0.0036727307833172573,0.0036727307833172573
109,0.1519604247009685,0.15103090186835377,0.0009295228326147154,0.0009295228326147154
110,0.1353356710128124,0.15262494627944967,0.01728927526663726,0.01728927526663726
111,0.1444622239820762,0.13574082747496885,0.008721396507107348,0.008721396507107348
112,0.14747179075801742,0.14466368517340017,0.0028081055846172487,0.0028081055846172487
113,0.14250255111746812,0.14768944900234005,0.005186897884871922,0.005186897884871922
114,0.15582845190286365,0.14275202373531187,0.013076428167551779,0.013076428167551779
115,0.16148362830759588,0.15601182493710158,0.005471803370494299,0.005471803370494299
116,0.16367192777449835,0.16190020307296626,0.0017717247015320847,0.0017717247015320847
117,0.1654963270515507,0.16391525445870436,0.0015810725928463443,0.0015810725928463443
118,0.16988693748116146,0.16585377506807542,0.004033162413086044,0.004033162413086044
119,0.18667504470578478,0.17062148072635636,0.01605356397942842,0.01605356397942842
120,0.20025759508508623,0.1873002199550512,0.012957375130035031,0.012957375130035031
121,0.19263340481854208,0.20160680130949515,0.008973396490953078,0.008973396490953078
122,0.1972667103035528,0.193465641516405,0.00380106878714781,0.00380106878714781
123,0.20192798182287508,0.19809604324188557,0.0038319385809895135,0.0038319385809895135
124,0.19675346807304117,0.20293558243073034,0.006182114357689172,0.006182114357689172
125,0.18841543196530253,0.1980877651319411,0.00967233316663857,0.00967233316663857
126,0.1818224536156836,0.18945989716413025,0.007637443548446643,0.007637443548446643
127,0.17557942091740897,0.18237828618772173,0.0067988652703127594,0.0067988652703127594
128,0.18542921768237108,0.17627686143059706,0.009152356251774019,0.009152356251774019
129,0.1895632354753759,0.1860483051875857,0.0035149302877902078,0.0035149302877902078
130,0.19251214272679207,0.19029365276970706,0.0022184899570850125,0.0022184899570850125
131,0.1799187128196985,0.19360358519482457,0.013684872375126056,0.013684872375126056
132,0.16556165707467763,0.18099155503541886,0.015429897960741235,0.015429897960741235
133,0.1512838289339895,0.1660403599816665,0.01475653104767699,0.01475653104767699
134,0.14478887409771102,0.1519455244533724,0.007156650355661376,0.007156650355661376
135,0.12997450819080147,0.14516835697824781,0.01519384878744634,0.01519384878744634
136,0.12462729990729637,0.13054589711567938,0.005918597208383003,0.005918597208383003
137,0.10965897841842343,0.12519733441875475,0.015538356000331321,0.015538356000331321
138,0.08254519618714162,0.1100808504668539,0.027535654279712274,0.027535654279712274
139,0.09313686178490965,0.08333710890724416,0.00979975287766549,0.00979975287766549
140,0.09573582338498143,0.09367251668620824,0.002063306698773193,0.002063306698773193
141,0.11416162385718032,0.09624012229952877,0.017921501557651542,0.017921501557651542
142,0.10235209727031003,0.11459224403929819,0.012240146768988158,0.012240146768988158
143,0.09177911366694969,0.10271898588111433,0.010939872214164648,0.010939872214164648
144,0.11017222064893506,0.09252811612481404,0.017644104524121018,0.017644104524121018
145,0.08153266626462408,0.11080215783677944,0.02926949157215536,0.02926949157215536
146,0.08767306190825641,0.08232511304273443,0.005347948865521979,0.005347948865521979
147,0.09534851374482178,0.08831756427544307,0.007030949469378711,0.007030949469378711
148,0.1063368299799533,0.09594133815878703,0.01039549182116628,0.01039549182116628
149,0.09945923600211704,0.10674481534648711,0.0072855793443700745,0.0072855793443700745
150,0.10979897946188111,0.10004400527040674,0.009754974191474364,0.009754974191474364
151,0.1009896786537482,0.11025204029242747,0.009262361638679273,0.009262361638679273
152,0.07530831556075723,0.10163414958388994,0.02632583402313271,0.02632583402313271
153,0.08429025394526135,0.07635437951570068,0.007935874429560674,0.007935874429560674
154,0.08100541253830662,0.08500806361512309,0.004002651076816466,0.004002651076816466
155,0.0821345910112723,0.08200798941503956,0.00012660159623273382,0.00012660159623273382
156,0.0924696639724345,0.08297866045536872,0.009491003517065777,0.009491003517065777
157,0.08775240342718915,0.09305998417082073,0.005307580743631579,0.005307580743631579
158,0.09407472068709644,0.0883034547027931,0.005771265984303331,0.005771265984303331
159,0.09910461985217078,0.09447164571197875,0.004632974140192037,0.004632974140192037
160,0.11781503595258691,0.09968714450751165,0.01812789144507526,0.01812789144507526
161,0.11445090998399954,0.11809555919143688,0.003644649207437345,0.003644649207437345
162,0.11344305056008397,0.11487068264544664,0.0014276320853626734,0.0014276320853626734
163,0.10840386735510577,0.11376783174306782,0.00536396438796205,0.00536396438796205
164,0.1095423298679753,0.10876042918403162,0.0007819006839436815,0.0007819006839436815
165,0.11913553399633148,0.10976317516675715,0.009372358829574323,0.009372358829574323
166,0.11717113367582144,0.119435903194887,0.002264769519065568,0.002264769519065568
167,0.10247341631936002,0.11768558785480288,0.015212171535442853,0.015212171535442853
168,0.10933705575869068,0.10297891313500862,0.0063581426236820615,0.0063581426236820615
169,0.1069620502623112,0.10992572923566235,0.002963678973351147,0.002963678973351147
170,0.10884710906388861,0.1073333767448057,0.0015137323190829166,0.0015137323190829166
171,0.09609043953492769,0.10941441634297583,0.013323976808048144,0.013323976808048144
172,0.09195642174192287,0.09689400375585688,0.0049375820139340165,0.0049375820139340165
173,0.07157089144781592,0.09281309299356133,0.02124220154574541,0.02124220154574541
174,0.0840382748499574,0.07258918321227537,0.01144909163768204,0.01144909163768204
175,0.07074501059747529,0.0853005750127177,0.014555564415242417,0.014555564415242417
176,0.06403071319880627,0.0718570576890536,0.007826344490247328,0.007826344490247328
177,0.06891132728051907,0.06516905475455387,0.0037422725259652068,0.0037422725259652068
178,0.06879000823146908,0.07012887074012081,0.001338862508651728,0.001338862508651728
179,0.0583289457226549,0.07044974954683147,0.012120803824176574,0.012120803824176574
180,0.06355016445850814,0.059706328549554266,0.0038438359089538743,0.0038438359089538743
181,0.07065638503863869,0.06482407524890249,0.005832309789736201,0.005832309789736201
182,0.06739489612469374,0.0721022908269775,0.0047073947022837626,0.0047073947022837626
183,0.054726852154569405,0.06860353701179339,0.013876684857223986,0.013876684857223986
184,0.06241631548694049,0.05626458604778106,0.006151729439159426,0.006151729439159426
185,0.061609116631007654,0.06421993074813048,0.0026108141171228283,0.0026108141171228283
186,0.06704962097195133,0.0630592518001794,0.003990369171771924,0.003990369171771924
187,0.06915396537861918,0.06818583280358359,0.0009681325750355851,0.0009681325750355851
188,0.08359503314117467,0.07027806753095084,0.01331696561022383,0.01331696561022383
189,0.08828432765210847,0.0844974149346458,0.003786912717462676,0.003786912717462676
190,0.09297356520574229,0.08900334421318157,0.003970220992560725,0.003970220992560725
191,0.07898975064777536,0.09360751404759521,0.01461776339981985,0.01461776339981985
192,0.0921243888196921,0.08002598888251727,0.01209839993717482,0.01209839993717482
193,0.08282514131675711,0.09284677003895597,0.010021628722198861,0.010021628722198861
194,0.0811640955761721,0.08373278759026359,0.0025686920140914893,0.0025686920140914893
195,0.08984740683665315,0.08201880492824126,0.007828601908411892,0.007828601908411892
196,0.08077211543741047,0.09036852517970684,0.009596409742296363,0.009596409742296363
197,0.08812097411564113,0.08165627118107166,0.006464702934569466,0.006464702934569466
198,0.08141601771417595,0.08887235207293076,0.0074563343587548125,0.0074563343587548125
199,0.08947877919090108,0.08234393764567804,0.007134841545223036,0.007134841545223036
200,0.08792504100356036,0.0902831459462895,0.0023581049427291445,0.0023581049427291445
201,0.09482126001850433,0.08865455086850665,0.006166709149997673,0.006166709149997673
202,0.1009896786537482,0.09536672647048183,0.005622952183266361,0.005622952183266361
203,0.09961319158408055,0.10161214153736098,0.0019989499532804267,0.0019989499532804267
204,0.09684164936493755,0.10034042732246479,0.0034987779575272326,0.0034987779575272326
205,0.09330949936128086,0.09737420939856262,0.00406471003728176,0.00406471003728176
206,0.09222702587433451,0.0940774683277027,0.001850442453368184,0.001850442453368184
207,0.08558739949599625,0.0928257487803838,0.007238349284387546,0.007238349284387546
208,0.08855026128591814,0.08629253394549707,0.0022577273404210674,0.0022577273404210674
209,0.07693672476842872,0.08925051193670758,0.012313787168278856,0.012313787168278856
210,0.0776319455725154,0.07788308240166975,0.00025113682915434143,0.00025113682915434143
211,0.07058171401830793,0.07869811114910741,0.00811639713079948,0.00811639713079948
212,0.07666612063601719,0.07158971266212016,0.005076407973897024,0.005076407973897024
213,0.07678743968506718,0.07759298312336449,0.000805543438297307,0.000805543438297307
214,0.07339996122347014,0.07777778706280802,0.004377825839337879,0.004377825839337879
215,0.06835138006398811,0.07487449590489159,0.006523115840903482,0.006523115840903482
216,0.07348858678230674,0.0695699069085004,0.003918679873806341,0.003918679873806341
217,0.08660921345841766,0.07454436679398352,0.012064846664434137,0.012064846664434137
218,0.0973875281283626,0.08740605927408723,0.009981468854275366,0.009981468854275366
219,0.10745199695711327,0.09796874502301767,0.009483251934095605,0.009483251934095605
220,0.09918863186970539,0.1080297572682391,0.008841125398533711,0.008841125398533711
221,0.09022998902091084,0.09996746328720979,0.009737474266298951,0.009737474266298951
222,0.08479882567717112,0.09080403387261404,0.006005208195442924,0.006005208195442924
223,0.0804734883133873,0.08577540096489916,0.005301912651511864,0.005301912651511864
224,0.07104363772149846,0.08177577375276834,0.010732136031269879,0.010732136031269879
225,0.0762321629671382,0.07209437596277518,0.004137787004363014,0.004137787004363014
226,0.07525699703343602,0.07721000930788219,0.0019530122744461642,0.0019530122744461642
227,0.07045105397205409,0.0762486168108844,0.005797562838830317,0.005797562838830317
228,0.07488836938768395,0.07149314498628079,0.003395224401403163,0.003395224401403163
229,0.08030552123561807,0.07593728394434068,0.004368237291277388,0.004368237291277388
230,0.08059013686383543,0.0812021342562933,0.0006119973924578748,0.0006119973924578748
231,0.08444888002582673,0.08134971081995718,0.0030991692058695564,0.0030991692058695564
232,0.09445735982865422,0.08534258524547556,0.009114774583178664,0.009114774583178664
233,0.09136383799247849,0.09521941135540002,0.003855573362921527,0.003855573362921527
234,0.09521324015726595,0.09198634999783539,0.003226890159430562,0.003226890159430562
235,0.09251631200115373,0.09593901628924467,0.0034227042880909386,0.0034227042880909386
236,0.09554917431280452,0.09313451028457664,0.0024146640282278753,0.0024146640282278753
237,0.09378076406167524,0.0963673147001915,0.0025865506385162607,0.0025865506385162607
238,0.1309030260957844,0.09455355523660591,0.0363494708591785,0.0363494708591785
239,0.13138363179338264,0.13113704392105863,0.00024658787232401114,0.00024658787232401114
240,0.12069394268227418,0.13201368786037454,0.01131974517810036,0.01131974517810036
241,0.12113718439105703,0.12138374474674818,0.00024656035569115,0.00024656035569115
242,0.14454623599961092,0.1216609047695818,0.022885331230029116,0.022885331230029116
243,0.1337958873639774,0.14516004386229936,0.011364156498321953,0.011364156498321953
244,0.146818547484048,0.1343518990257897,0.01246664845825829,0.01246664845825829
245,0.14867558329401387,0.14704603265984878,0.001629550634165089,0.001629550634165089
246,0.1417279887944487,0.14928012544841857,0.007552136653969865,0.007552136653969865
247,0.14596470059939592,0.14197460472447238,0.003990095874923549,0.003990095874923549
248,0.13761732349445344,0.14651549419754328,0.008898170703089847,0.008898170703089847
249,0.1414154071319198,0.1382158592211007,0.0031995479108191116,0.0031995479108191116
250,0.1312156077583133,0.14206034314094151,0.010844735382628201,0.010844735382628201
251,0.1277535152336856,0.1314564534566976,0.0037029382230119867,0.0037029382230119867
252,0.1351816584735489,0.12835061185514895,0.00683104661839995,0.00683104661839995
253,0.12901329679560514,0.13577647654856606,0.006763179752960924,0.006763179752960924
254,0.1417420002902544,0.12950700524514247,0.01223499504511194,0.01223499504511194
255,0.13962364438778085,0.14221167949542002,0.002588035107639164,0.002588035107639164
256,0.1382798508083266,0.1401947968097676,0.001914946001440987,0.001914946001440987
257,0.12757620715871243,0.13855675471646262,0.010980547557750187,0.010980547557750187
258,0.11203859745610478,0.12800433027245067,0.01596573281634589,0.01596573281634589
259,0.12366147497079805,0.11235730838649965,0.011304166584298392,0.011304166584298392
260,0.12587779742931204,0.12396009341685943,0.0019177040124526146,0.0019177040124526146
261,0.13179423696925197,0.12614913363146701,0.005645103337784951,0.005645103337784951
262,0.19620286185371405,0.13198616372433813,0.06421669812937592,0.06421669812937592
263,0.19409384694844434,0.19745349409674695,0.0033596471483026136,0.0033596471483026136
264,0.2153098716341938,0.1949828024721001,0.020327069162093703,0.020327069162093703
265,0.2107372826310081,0.21664777204331642,0.005910489412308317,0.005910489412308317
266,0.21557119172670158,0.21183580764852733,0.003735384078174253,0.003735384078174253
267,0.2291257760716915,0.21706066721665213,0.012065108855039364,0.012065108855039364
268,0.25461576263660357,0.2309197036478181,0.023696058988785462,0.023696058988785462
269,0.26249660249705364,0.25693724473565516,0.005559357761398487,0.005559357761398487
270,0.26678924637062384,0.26518793146451025,0.0016013149061135934,0.0016013149061135934
271,0.26206270178547464,0.2697183610794209,0.0076556592939462376,0.0076556592939462376
272,0.2550637887585884,0.2646948961953587,0.009631107436770314,0.009631107436770314
273,0.2647688570241906,0.2575107325279187,0.007258124496271945,0.007258124496271945
274,0.2715578254431905,0.2674598641332399,0.004097961309950604,0.004097961309950604
275,0.26356979194409624,0.27458287864152325,0.01101308669742701,0.01101308669742701
276,0.236913205960103,0.26660989998770734,0.02969669402760433,0.02969669402760433
277,0.19646885244482382,0.2388678904354486,0.04239903799062478,0.04239903799062478
278,0.17941481158639072,0.1975759632390266,0.018161151652635876,0.018161151652635876
279,0.18261097047720876,0.1799648872398129,0.0026460832373958465,0.0026460832373958465
280,0.13814924771937276,0.18331321296156233,0.045163965242189574,0.045163965242189574
281,0.13789259812546695,0.13840748218957338,0.0005148840641064356,0.0005148840641064356
282,0.17064748830837506,0.13849829152280124,0.03214919678557382,0.03214919678557382
283,0.14966943122212373,0.17139127936512827,0.02172184814300454,0.02172184814300454
284,0.1808565717218853,0.14985864340139665,0.030997928320488644,0.030997928320488644
285,0.1566870262434178,0.18158837770302672,0.024901351459608922,0.024901351459608922
286,0.1459833256365035,0.15725967420169534,0.01127634856519183,0.01127634856519183
287,0.0990999493535688,0.1462858898908257,0.04718594053725689,0.04718594053725689
288,0.1416579882727198,0.09968116495448004,0.041976823318239764,0.041976823318239764
289,0.10854848193986544,0.14222197179453383,0.03367348985466839,0.03367348985466839
290,0.041242268331308396,0.1090679041341846,0.0678256358028762,0.0678256358028762
291,0.09181642069846507,0.04296045241388685,0.04885596828457822,0.04885596828457822
292,0.04709337784812129,0.09237857227548218,0.0452851944273609,0.0452851944273609
293,0.10247341631936002,0.0489905406598517,0.05348287565950832,0.05348287565950832
294,0.1128131597791242,0.10297128890920426,0.009841870869919944,0.009841870869919944
295,0.13657682753762435,0.11321046661668782,0.023366360920936524,0.023366360920936524
296,0.12032064453792024,0.13700973511610998,0.016689090578189736,0.016689090578189736
297,0.14679519499103832,0.12073193054220044,0.026063264448837886,0.026063264448837886
298,0.16418517000500998,0.1469848543378811,0.017200315667128874,0.017200315667128874
299,0.13886776405916912,0.1648704697810366,0.02600270572186747,0.02600270572186747
300,0.1713660616054714,0.1392782060976584,0.03208785550781301,0.03208785550781301
301,0.1455214019333131,0.17227531238590799,0.026753910452594898,0.026753910452594898
302,0.1753134303262993,0.14572419579711204,0.02958923452918727,0.02958923452918727
303,0.16867380394796117,0.17629287162996898,0.0076190676820078185,0.0076190676820078185
304,0.1490675064754755,0.16935238872087582,0.020284882245400315,0.020284882245400315
305,0.1542607022197171,0.14957708984603574,0.004683612373681367,0.004683612373681367
306,0.1485495937463619,0.15498151356124523,0.006431919814883336,0.006431919814883336
307,0.19100966610947245,0.14895782539695174,0.042051840712520716,0.042051840712520716
308,0.1975466554331683,0.1918069322403,0.005739723192868307,0.005739723192868307
309,0.21219772476091037,0.1985268029468088,0.013670921814101566,0.013670921814101566
310,0.21208574670906422,0.21382114764925358,0.0017354009401893689,0.0017354009401893689
311,0.27092799161953063,0.2132111878048235,0.05771680381470712,0.05771680381470712
312,0.3243296752317535,0.27437243715114384,0.049957238080609645,0.049957238080609645
313,0.33569584619524107,0.3292186415160182,0.006477204679222859,0.006477204679222859
314,0.3825932339739815,0.34104766136657066,0.04154557260741082,0.04154557260741082
315,0.36710699975599503,0.38980330325731233,0.022696303501317294,0.022696303501317294
316,0.37579036797377596,0.37382380713751456,0.0019665608362613995,0.0019665608362613995
317,0.34523311825497416,0.38274817358046187,0.03751505532548771,0.03751505532548771
318,0.36173649593678014,0.3506406983004704,0.011095797636309745,0.011095797636309745
319,0.37851520520689963,0.367701472923457,0.010813732283442623,0.010813732283442623
320,0.3835404338733721,0.3853789264854942,0.0018384926121221001,0.0018384926121221001
321,0.3675735939577873,0.39095632455230184,0.02338273059451451,0.02338273059451451
322,0.3386821174354726,0.37416373071168874,0.03548161327621613,0.03548161327621613
323,0.3660384808075543,0.34418081462367367,0.02185766618388063,0.02185766618388063
324,0.4132998257334448,0.3725782509902663,0.0407215747431785,0.0407215747431785
325,0.32559879779087697,0.4213459213485014,0.09574712355762444,0.09574712355762444
326,0.33957327135163995,0.3305486856190048,0.009024585732635149,0.009024585732635149
327,0.3404178341963884,0.3452965801870121,0.004878745990623712,0.004878745990623712
328,0.3560300579620268,0.3459662177741212,0.010063840187905626,0.010063840187905626
329,0.36365891872717304,0.3620053136575272,0.001653605069645847,0.001653605069645847
330,0.3692580491486821,0.3701283883488696,0.0008703392001874755,0.0008703392001874755
331,0.3829712026169374,0.3757128733984689,0.007258329218468473,0.007258329218468473
332,0.3586849516307218,0.3900869610805932,0.031402009449871426,0.031402009449871426
333,0.3638034763546325,0.3649721732843098,0.0011686969296773042,0.0011686969296773042
334,0.37356937501666,0.37055257756280485,0.0030167974538551356,0.0030167974538551356
335,0.3833351597640875,0.3802144237696584,0.0031207359944290802,0.0031207359944290802
336,0.3910246230964587,0.3905665884919412,0.0004580346045174877,0.0004580346045174877
337,0.4017889832278978,0.3985878521666958,0.0032011310612020116,0.0032011310612020116
338,0.4244700635848515,0.4097710187447441,0.014699044840107423,0.014699044840107423
339,0.4005804632359995,0.4331381942079427,0.0325577309719432,0.0325577309719432
340,0.39597979428390206,0.4082707314876801,0.012290937203778052,0.012290937203778052
341,0.38897165417441193,0.4035783819806575,0.014606727806245556,0.014606727806245556
342,0.38361971843500475,0.39643669321672553,0.01281697478172078,0.01281697478172078
343,0.3792851539886173,0.39102632464270953,0.011741170654092248,0.011741170654092248
344,0.39854150580975856,0.3858921653860993,0.012649340423659283,0.012649340423659283
345,0.4119187251224754,0.406091829820906,0.005826895301569379,0.005826895301569379
346,0.412557899943339,0.4203147713532228,0.007756871409883792,0.007756871409883792
347,0.4153527946554916,0.4208578838102682,0.005505089154776599,0.005505089154776599
348,0.40704750899526654,0.42358117528701955,0.016533666291753013,0.016533666291753013
349,0.4174991735495768,0.41504069483247624,0.002458478717100532,0.002458478717100532
350,0.4366575588146777,0.4258640211993142,0.010793537615363502,0.010793537615363502
351,0.4724920162952557,0.4456670656549025,0.02682495064035323,0.02682495064035323
352,0.49423056725142067,0.4825099745230589,0.01172059272836179,0.01172059272836179
353,0.45247505668960075,0.5044653141478562,0.05199025745825547,0.05199025745825547
354,0.4464373550579108,0.46162226908522225,0.015184914027311425,0.015184914027311425
355,0.4593433096702333,0.4558857793355598,0.0034575303346734976,0.0034575303346734976
356,0.4792155977338286,0.46906728925484253,0.010148308478986068,0.010148308478986068
357,0.4912117164355758,0.4893106517654479,0.0019010646701279055,0.0019010646701279055
358,0.49727744105887717,0.5015408229601301,0.004263381901252972,0.004263381901252972
359,0.507089930792324,0.5077454580009553,0.000655527208631268,0.000655527208631268
360,0.5251984791033919,0.5175407185376393,0.007657760565752625,0.007657760565752625
361,0.5488034068667265,0.5360677925623298,0.012735614304396625,0.012735614304396625
362,0.5348009103143518,0.5596552178362766,0.024854307521924746,0.024854307521924746
363,0.544216863325035,0.5460982834976147,0.0018814201725796398,0.0018814201725796398
364,0.5154233533587607,0.5548595913642709,0.039436238005510216,0.039436238005510216
365,0.5095954824203572,0.5261474592167625,0.0165519767964053,0.0165519767964053
366,0.546195218184051,0.5203723881162491,0.02582283006780195,0.02582283006780195
367,0.6021304764159185,0.5571189273113055,0.045011549104613024,0.045011549104613024
368,0.6075430147225507,0.6125127508830203,0.0049697361604695844,0.0049697361604695844
369,0.6853429273728355,0.6176503435117213,0.06769258386111421,0.06769258386111421
370,0.6587844218594827,0.692390574823549,0.03360615296406633,0.03360615296406633
371,0.6965738817060672,0.6671625710597345,0.029411310646332622,0.029411310646332622
372,0.743942420270602,0.7026532826823283,0.04128913758827368,0.04128913758827368
373,0.7520472162347442,0.7458242029123854,0.006223013322358861,0.006223013322358861
374,0.7072541728626716,0.7531844807466004,0.04593030788392882,0.04593030788392882
375,0.6979222888268233,0.7127097020823248,0.01478741325550148,0.01478741325550148
376,0.6628671211251664,0.7035822763178075,0.04071515519264102,0.04071515519264102
377,0.6586816708902403,0.6711859104296225,0.012504239539382178,0.012504239539382178
378,0.6409837847123419,0.6671636306346764,0.026179845922334577,0.026179845922334577
379,0.7505728195663364,0.6499691616809746,0.10060365788536174,0.10060365788536174
380,0.7232537062684699,0.7520553587441607,0.028801652475690886,0.028801652475690886
381,0.7053457615680847,0.727286881636209,0.02194112006812432,0.02194112006812432
382,0.6524527066450716,0.7109555134255497,0.058502806780478145,0.058502806780478145
383,0.6628856892049741,0.6612506472328586,0.001635041972115503,0.001635041972115503
384,0.6844890235308834,0.6707727469550369,0.013716276575846509,0.013716276575846509
385,0.658882388415523,0.6915511894387445,0.03266880102322145,0.03266880102322145
386,0.6743732931321116,0.6673305475965816,0.007042745535529971,0.007042745535529971
387,0.6829352283862424,0.6817374599437319,0.0011977684425105162,0.0011977684425105162
388,0.7355670771313478,0.6899120672852603,0.0456550098460875,0.0456550098460875
389,0.7109355509923898,0.7383989476240618,0.027463396631671966,0.027463396631671966
390,0.7235056853637738,0.7158883855116092,0.0076172998521646385,0.0076172998521646385
391,0.7543941987395122,0.7273934571830296,0.027000741556482577,0.027000741556482577
392,0.7637120712795549,0.7554292155718065,0.008282855707748338,0.008282855707748338
393,0.7368642226820827,0.7637095367789888,0.026845314096906048,0.026845314096906048
394,0.727858931804569,0.7394281375510373,0.011569205746468358,0.011569205746468358
395,0.6963684936821823,0.7313149305588124,0.034946436876630016,0.034946436876630016
396,0.7344286146184784,0.7025195362190226,0.03190907839945578,0.03190907839945578
397,0.7338593833620437,0.7373389543031342,0.0034795709410905262,0.0034795709410905262
398,0.7277936587387421,0.7370443981925027,0.009250739453760537,0.009250739453760537
399,0.7438397832159596,0.7313700120909592,0.012469771125000362,0.012469771125000362
400,0.80453439343779,0.7458846443029258,0.058649749134864204,0.058649749134864204
401,0.780266824445982,0.7992538422043016,0.01898701775831957,0.01898701775831957
402,0.7974795483422805,0.7781853976658983,0.019294150676382182,0.019294150676382182
403,0.7915770633408463,0.792944828315526,0.0013677649746797194,0.0013677649746797194
404,0.802187410933022,0.7881721143538869,0.01401529657913514,0.01401529657913514
405,0.8203985962987324,0.7970199154376143,0.02337868086111805,0.02337868086111805
406,0.864893069504082,0.8124640398988856,0.05242902960519635,0.05242902960519635
407,0.845366056593229,0.8496968399077115,0.004330783314482445,0.004330783314482445
408,0.8462059489393754,0.832343189481499,0.013862759457876406,0.013862759457876406
409,0.8691436788902349,0.8327006522964375,0.03644302659379739,0.03644302659379739
410,0.8916149285539021,0.8521949641852005,0.039419964368701654,0.039419964368701654
411,0.9066998416359231,0.8687018571827612,0.03799798445316194,0.03799798445316194
412,0.8304350421358715,0.8828226160137032,0.05238757387783166,0.05238757387783166
413,0.7961964142873514,0.8212066476261706,0.025010233338819132,0.025010233338819132
414,0.7286428920820924,0.791415404558645,0.06277251247655258,0.06277251247655258
415,0.7840602945421464,0.7321840064966884,0.051876288045458074,0.051876288045458074
416,0.7404337366745548,0.7815698206862491,0.04113608401169433,0.04113608401169433
417,0.712955940338823,0.7427821512579313,0.02982621091910831,0.02982621091910831
418,0.7067735671650734,0.7179968467738477,0.011223279608774228,0.011223279608774228
419,0.7315776739231026,0.7120524724108388,0.01952520151226378,0.01952520151226378
420,0.695169428602088,0.7348796930449062,0.03971026444281822,0.03971026444281822
421,0.6628017341447394,0.7014742423602529,0.03867250821551349,0.03867250821551349
422,0.6376896023081833,0.6710783955200188,0.03338879321183552,0.03338879321183552
423,0.6402838934096531,0.6470834397185647,0.006799546308911664,0.006799546308911664
424,0.7189143574088803,0.6493214019870377,0.06959295542184263,0.06959295542184263
425,0.6586631028104326,0.7232649149074226,0.06460181209699001,0.06460181209699001
426,0.6679622933560676,0.667189367799959,0.000772925556108639,0.000772925556108639
427,0.7031154276137648,0.675776054930425,0.027339372683339747,0.027339372683339747
428,0.7399391194811509,0.7088159315749974,0.031123187906153427,0.031123187906153427
429,0.726328489152938,0.7422165417160818,0.01588805256314374,0.01588805256314374
430,0.7281249223956787,0.7300806821019611,0.0019557597062823673,0.0019557597062823673
431,0.7619670135214351,0.7317104736232706,0.03025653989816457,0.03025653989816457
432,0.7170526511003126,0.7620642925846735,0.045011641484360876,0.045011641484360876
433,0.7516739180903904,0.7215161626291071,0.030157755461283298,0.030157755461283298
434,0.7053691140610943,0.7529175791211207,0.04754846506002641,0.04754846506002641
435,0.750036167885515,0.7107241306652174,0.039312037220297524,0.039312037220297524
436,0.747637923810726,0.7515237996715707,0.0038858758608446564,0.0038858758608446564
437,0.7924775582542178,0.7492480649906524,0.0432294932635654,0.0432294932635654
438,0.8653969137800896,0.7888377201358578,0.0765591936442318,0.0765591936442318
439,0.8657235069384244,0.8491738764268758,0.016549630511548563,0.016549630511548563
440,0.828433334783846,0.8507393466346449,0.022306011850798946,0.022306011850798946
441,0.8167404567474239,0.819362358747332,0.002621901999908083,0.002621901999908083
442,0.7859732624207354,0.8096024221677527,0.023629159747017292,0.023629159747017292
443,0.7554113422033317,0.7831113043528527,0.027699962149520974,0.027699962149520974
444,0.7599839881638175,0.756268667853542,0.0037153203102755494,0.0037153203102755494
445,0.7450202802162464,0.7603235719061627,0.015303291689916287,0.015303291689916287
446,0.741035547506603,0.7470146521291465,0.005979104622543474,0.005979104622543474
447,0.754100185156791,0.743462122973783,0.010638062183008001,0.010638062183008001
448,0.7553320576416991,0.7549509937991903,0.00038106384250879977,0.00038106384250879977
449,0.7923283301281563,0.7562397526876266,0.036088577440529734,0.036088577440529734
450,0.7346805937137824,0.788814414389353,0.0541338206755706,0.0541338206755706
451,0.7571844229530629,0.7375862205059938,0.019598202447069113,0.019598202447069113
452,0.6755957107052157,0.7579636081513286,0.08236789744611284,0.08236789744611284
453,0.6608187087871216,0.6833097477745413,0.022491038987419776,0.022491038987419776
454,0.6813161601757749,0.6690123630923008,0.012303797083474066,0.012303797083474066
455,0.7712521925712645,0.6884477099890698,0.08280448258219475,0.08280448258219475
456,0.8089717088534201,0.770411582825206,0.038560126028214015,0.038560126028214015
457,0.8040118671673746,0.8028059979206601,0.0012058692467145082,0.0012058692467145082
458,0.7257966218853185,0.7988171629457158,0.07302054106039735,0.07302054106039735
459,0.6750685139361983,0.7295987086754896,0.05453019473929133,0.05453019473929133
460,0.7228337031380967,0.682420488877518,0.040413214260578645,0.040413214260578645
461,0.71018439811968,0.7270380934928721,0.016853695373192035,0.016853695373192035
462,0.7188304023486456,0.715251664165317,0.0035787381833285448,0.0035787381833285448
463,0.7198802393026786,0.7231170902399369,0.003236850937258229,0.003236850937258229
464,0.7220265042821639,0.724246632480793,0.0022201281986291566,0.0022201281986291566
465,0.7079353821709526,0.7262747999807357,0.0183394178097831,0.0183394178097831
466,0.7133292384831771,0.7131724029475268,0.0001568355356502682,0.0001568355356502682
467,0.7051077939685866,0.718041202458366,0.012933408489779419,0.012933408489779419
468,0.7046365292681922,0.7106175545341045,0.005981025265912265,0.005981025265912265
469,0.7138145146793771,0.710122865083972,0.003691649595405022,0.003691649595405022
470,0.7450809966980714,0.7187207236901896,0.026360273007881796,0.026360273007881796
471,0.7498729282636476,0.7471530464607623,0.0027198818028852934,0.0027198818028852934
472,0.7371348837717944,0.7513441613611682,0.014209277589373848,0.014209277589373848
473,0.7614164642594081,0.7399031671584495,0.021513297100958617,0.021513297100958617
474,0.7536943074368236,0.7615763766511998,0.007882069214376175,0.007882069214376175
475,0.7458555020637909,0.7548406765821173,0.008985174518326366,0.008985174518326366
476,0.7345872976563439,0.7476838649143286,0.013096567257984693,0.013096567257984693
477,0.7324502597594624,0.737537226241032,0.005086966481569588,0.005086966481569588
478,0.7414508801383743,0.7355871140223781,0.005863766115996261,0.005863766115996261
479,0.7073474689201102,0.743778213956527,0.036430745036416745,0.036430745036416745
480,0.7060830168595886,0.7128492748251283,0.006766257965539646,0.006766257965539646
481,0.7130492363962615,0.7115946412372076,0.0014545951590538841,0.0014545951590538841
482,0.7319696540618643,0.7179278909812561,0.014041763080608227,0.014041763080608227
483,0.7357724651552326,0.7351638546976931,0.0006086104575395712,0.0006086104575395712
484,0.7711588965138261,0.7385487625843099,0.03261013392951617,0.03261013392951617
485,0.768881971488087,0.7701727521163464,0.0012907806282593803,0.0012907806282593803
486,0.7528170511018617,0.7683313508184004,0.015514299716538726,0.015514299716538726
487,0.7549307365057334,0.7540606735648394,0.0008700629408939786,0.0008700629408939786
488,0.7550894195435989,0.7558117790945629,0.0007223595509640024,0.0007223595509640024
489,0.7451742927555098,0.7559071405722766,0.010732847816766755,0.010732847816766755
490,0.7393045012442891,0.7471577647261525,0.007853263481863326,0.007853263481863326
491,0.7912224471909002,0.7416234114872318,0.049599035703668415,0.049599035703668415
492,0.8089717088534201,0.7876758585350265,0.02129585031839354,0.02129585031839354
493,0.792104374024464,0.803031221511135,0.010926847486671054,0.010926847486671054
494,0.7786103922466989,0.7885843610034755,0.009973968756776586,0.009973968756776586
495,0.7458087970777716,0.7767732028415675,0.030964405763795888,0.030964405763795888
496,0.7606838794665061,0.7477171472740112,0.01296673219249489,0.01296673219249489
497,0.7232956268412871,0.7609346114895953,0.03763898464830817,0.03763898464830817
498,0.734391250629663,0.7274164921614059,0.006974758468257125,0.006974758468257125
499,0.7439751137608155,0.7374323983832924,0.006542715377523045,0.006542715377523045
500,0.7120180814366364,0.7459761151831052,0.033958033746468885,0.033958033746468885
501,0.7151069897315101,0.7169828157643972,0.0018758260328870513,0.0018758260328870513
502,0.7361316378891807,0.7197948473186213,0.016336790570559367,0.016336790570559367
503,0.7182051251089878,0.7388847481265,0.02067962301751214,0.02067962301751214
504,0.7073708214131198,0.7227221044088445,0.015351282995724747,0.015351282995724747
505,0.7150742962412966,0.7127865272053322,0.002287769035964393,0.002287769035964393
506,0.78161990206534,0.7199143701225676,0.061705531942772396,0.061705531942772396
507,0.8019681253279316,0.7792398607932587,0.022728264534672915,0.022728264534672915
508,0.7950811903528916,0.796745545670056,0.0016643553171643566,0.0016643553171643566
509,0.7959070712032321,0.7909657070765787,0.004941364126653469,0.004941364126653469
510,0.8108986882278146,0.7916627814018532,0.019235906825961435,0.019235906825961435
511,0.7672488917818134,0.8047203264577225,0.03747143467590908,0.03747143467590908
512,0.7696005447851832,0.7666184461386256,0.0029820986465576294,0.0029820986465576294
513,0.7549400775029373,0.7688263878178088,0.01388631031487142,0.01388631031487142
514,0.8187141411078378,0.7556793866090281,0.06303475449880969,0.06303475449880969
515,0.8360341725573806,0.8110550386304958,0.024979133926884778,0.024979133926884778
516,0.8045530754321977,0.8261054333185143,0.021552357886316598,0.021552357886316598
517,0.8131710566695518,0.7991769234711746,0.013994133198377168,0.013994133198377168
518,0.8230394784716215,0.8052760783252604,0.01776340014636113,0.01776340014636113
519,0.8094102800636009,0.8150434625188929,0.005633182455291985,0.005633182455291985
520,0.8010396074229489,0.8034519837832075,0.0024123763602585946,0.0024123763602585946
521,0.7924449786786043,0.7961124801462989,0.003667501467694567,0.003667501467694567
522,0.7810366593130995,0.7888258428164658,0.007789183503366326,0.007789183503366326
523,0.7883062334296975,0.7789436281817395,0.009362605247958067,0.009362605247958067
524,0.7842188636654119,0.7851768352992372,0.000957971633825272,0.000957971633825272
525,0.8027379601950493,0.7814830171202582,0.021254943074791033,0.021254943074791033
526,0.8118785816174188,0.7975072647574422,0.014371316859976613,0.014371316859976613
527,0.7753302213383462,0.8056244357559524,0.03029421441760627,0.03029421441760627
528,0.7430606073516381,0.7738757370823031,0.030815129730664914,0.030815129730664914
529,0.7494809481248861,0.745235264612564,0.004245683512322129,0.004245683512322129
530,0.733164162557957,0.7508564380140172,0.017692275456060225,0.017692275456060225
531,0.6853988594414586,0.7360974219555889,0.050698562514130296,0.050698562514130296
532,0.7020889431527415,0.6920681653574559,0.010020777795285651,0.010020777795285651
533,0.7269164024037804,0.7078492350982923,0.019067167305488075,0.019067167305488075
534,0.7028355394414494,0.730744028187492,0.02790848874604257,0.02790848874604257
535,0.6610613468852218,0.7086434667719438,0.04758211988672201,0.04758211988672201
536,0.6482626998261436,0.6694252079477232,0.021162508121579604,0.021162508121579604
537,0.6589429909827482,0.6572759747497227,0.0016670162330255645,0.0016670162330255645
538,0.6363085016972136,0.6674940076147274,0.03118550591751379,0.03118550591751379
539,0.6880538670247534,0.6454346748729978,0.04261919215175558,0.04261919215175558
540,0.6856228155451509,0.6949353963470142,0.009312580801863257,0.009312580801863257
541,0.711728852267117,0.692468442633378,0.019260409633738984,0.019260409633738984
542,0.7004838864380796,0.7165657397387959,0.01608185330071632,0.01608185330071632
543,0.6968397583825767,0.7062403207160024,0.009400562333425677,0.009400562333425677
544,0.7015897693753357,0.7030836678989127,0.001493898523577064,0.001493898523577064
545,0.7220591977723771,0.7072553232682237,0.014803874504153436,0.014803874504153436
546,0.6717883430278455,0.7259957608544525,0.054207417826606985,0.054207417826606985
547,0.6937042590162836,0.6795287894226474,0.014175469593636247,0.014175469593636247
548,0.7104597297079935,0.6999464198586522,0.01051330984934129,0.01051330984934129
549,0.7228850786227179,0.7154795755764508,0.007405503046267081,0.007405503046267081
550,0.6993547649224139,0.726761851498272,0.02740708657585811,0.02740708657585811
551,0.6803130282077612,0.7053542817717601,0.02504125356399889,0.02504125356399889
552,0.6830052858652713,0.6871998342413372,0.004194548376065921,0.004194548376065921
553,0.6940635456648319,0.6894493961437741,0.004614149521057764,0.004614149521057764
554,0.6845263875196987,0.7005313677508818,0.01600498023118302,0.01600498023118302
555,0.7026255948335629,0.6911871522032105,0.01143844263035243,0.01143844263035243
556,0.7338500423648397,0.7084228727034612,0.02542716966137859,0.02542716966137859
557,0.7645192701354877,0.7369209954384205,0.027598274697067215,0.027598274697067215
558,0.7631615220175278,0.764308062684905,0.0011465406673771827,0.0011465406673771827
559,0.7890900797926208,0.7631614135338951,0.025928666258725697,0.025928666258725697
560,0.798380043255652,0.7858707415370327,0.012509301718619303,0.012509301718619303
561,0.8323947150004796,0.7929684906434481,0.03942622435703147,0.03942622435703147
562,0.8357494999718631,0.8226111140313218,0.013138385940541286,0.013138385940541286
563,0.845366056593229,0.8253115133068095,0.020054543286419535,0.020054543286419535
564,0.8141042450731366,0.8336551511300645,0.019550906056927886,0.019550906056927886
565,0.8356096128430055,0.807211604890268,0.028398007952737503,0.028398007952737503
566,0.8451047365007212,0.8250921358988943,0.020012600601826858,0.020012600601826858
567,0.832306089441643,0.8330738994325382,0.0007678099908952074,0.0007678099908952074
568,0.8148927619346618,0.8227413047736651,0.00784854283900338,0.00784854283900338
569,0.8276448179223208,0.8079768999647563,0.019667917957564507,0.019667917957564507
570,0.8029246662245262,0.818959782279464,0.016035116054937792,0.016035116054937792
571,0.817780952704253,0.7977458615224828,0.02003509118177016,0.02003509118177016
572,0.8495654044093608,0.8103343023908804,0.039231102018480346,0.039231102018480346
573,0.853498761634383,0.8355761116293743,0.0179226500050087,0.0179226500050087
574,0.8726618173980858,0.8397460131497709,0.03291580424831486,0.03291580424831486
575,0.8786389164625508,0.854994142195364,0.023644774267186808,0.023644774267186808
576,0.8768238012254022,0.8596697395013264,0.017154061724075742,0.017154061724075742
577,0.8390623643704294,0.8592818064551662,0.020219442084736805,0.020219442084736805
578,0.8042451642682706,0.8282637531613481,0.024018588893077508,0.024018588893077508
579,0.784960789455518,0.7990298775281511,0.014069088072633185,0.014069088072633185
580,0.8016788961584125,0.7822322563620268,0.019446639796385723,0.019446639796385723
581,0.7947919611833723,0.7969022591232756,0.0021102979399033606,0.0021102979399033606
582,0.7476099008191144,0.790766194496885,0.04315629367777063,0.04315629367777063
583,0.7632034425903451,0.7493605445853935,0.013842898004951643,0.013842898004951643
584,0.7296226715570964,0.763299784227186,0.03367711267008966,0.03367711267008966
585,0.7340693279699302,0.7330224223845664,0.0010469055853637999,0.0010469055853637999
586,0.7627321778899507,0.737213121733824,0.025519056156126707,0.025519056156126707
587,0.7848907319764891,0.7627615923025479,0.022129139673941145,0.022129139673941145
588,0.7671088907383556,0.7821124642628795,0.015003573524523861,0.015003573524523861
589,0.7668849346346633,0.7666902070766463,0.00019472755801708264,0.00019472755801708264
590,0.774294395880119,0.7663974527540909,0.007896943126028066,0.007896943126028066
591,0.7534843628289369,0.7728917017562082,0.01940733892727131,0.01940733892727131
592,0.7730392848168015,0.7544358069433512,0.01860347787345029,0.01860347787345029
593,0.779599626633507,0.7717342361682138,0.00786539046529322,0.00786539046529322
594,0.7824504534142827,0.7775513421519059,0.004899111262376743,0.004899111262376743
595,0.7660964177731382,0.7797176192746821,0.01362120150154389,0.01362120150154389
596,0.7628115763661836,0.765762000763228,0.0029504243970444044,0.0029504243970444044
597,0.7607491525323329,0.7628877522244584,0.002138599692125487,0.002138599692125487
598,0.7679067485970847,0.7608290199080243,0.007077728689060425,0.007077728689060425
599,0.7459861621100448,0.7673316183333081,0.021345456223263337,0.021345456223263337
600,0.7549494185001411,0.7478788479711651,0.007070570528975972,0.007070570528975972
601,0.7511186983297613,0.7557126770080522,0.004593978678290922,0.004593978678290922
602,0.7819606206340806,0.7524463624845593,0.029514258149521244,0.029514258149521244
603,0.7899112901443595,0.7795706043885782,0.010340685755781287,0.010340685755781287
